4963
2041
4441
4817
5713
7522
4992
7610
5231
3805
6669
4998
5746
8297
865
2936
5636
903
1728
4221
1628
3903
1495
1936
8027
5766
1211
256
1515
8264
7395
3056
3863
5221
6208
6562
8416
4455
8694
2891
9849
7043
2217
9302
3728
123
6352
7589
2795
6044
3464
5512
2876
6840
3967
5427
1458
3115
5069
9154
6530
8774
2812
7675
2322
1431
6696
6019
7735
6058
4493
2296
7714
9586
5982
7634
7847
5680
5333
173
556
754
4239
4317
2502
6868
1559
1547
1804
2977
3134
7116
3208
3251
394
727
7706
1507
4157
1971
5391
1345
6055
4427
4460
9212
7335
2819
1687
5616
4392
2588
4108
6088
1571
3684
8
6433
2969
6776
5073
2946
5965
4265
6770
2324
9048
3760
5086
667
389
1191
6071
9430
962
8540
2079
5884
8608
7835
466
7142
2022
9503
1688
8314
6068
1908
7
8950
9158
5857
3487
1079
631
9276
1683
1438
5469
6320
8127
3397
3466
3722
6653
1341
7620
1332
342
9866
4862
5203
690
8441
3216
7526
9307
8151
6219
6353
1384
136
4824
604
3944
396
4775
8324
3440
7826
6028
9523
1508
5158
9369
5765
2023
2328
4457
7212
5729
9201
5710
755
7927
5436
297
9889
286
5970
6887
1758
4920
4197
9912
4296
4166
5210
3332
5013
1808
5549
7445
3206
8809
3564
4936
3109
455
2010
5166
1178
8445
7516
9378
6969
6651
9006
6086
632
9016
3614
2280
5482
5627
7045
8435
6930
5906
2527
6821
9708
409
4169
9371
2958
7731
9996
7529
7077
5377
7938
6555
4764
4960
3425
1874
6602
7437
9079
3135
3429
8977
3373
3126
2353
9651
3209
9401
9594
4721
1841
2192
5088
5063
6962
3837
8410
5328
9325
9187
9241
5637
7220
5217
6827
8768
7608
9841
845
5615
392
6576
3766
1080
8190
8538
7684
1089
9469
7419
8693
5161
8585
3431
326
4709
1097
7030
752
6543
6397
9033
1887
7297
7783
3421
6475
7483
1207
8864
6013
9778
6435
7339
2555
1419
1985
653
8586
5153
5442
7091
2726
8011
9802
2329
5915
6702
2890
3714
7136
6362
8960
2742
5508
4472
6971
229
2554
722
1215
4649
1055
4479
1175
5532
4749
8428
8055
1678
6169
3700
3981
2265
7698
584
9238
6613
4452
3615
1965
7845
1170
7083
3116
6195
5310
113
5770
3482
5353
6592
331
9530
3824
4779
9423
923
4550
9419
4172
7721
9636
6808
9002
8845
7685
3631
1946
6215
7511
6749
5639
260
6795
6797
8113
9236
5093
9367
2590
6856
2604
8387
4630
5515
6526
8838
9648
3146
9112
7424
5481
7889
3420
186
8268
554
7033
2312
8886
8644
1744
1108
6780
4437
3022
1214
2007
8682
5867
1560
5332
9561
3400
9806
8622
4856
1565
4273
8824
6838
7105
8926
3789
6020
3065
7667
3166
1182
9908
5604
7704
7114
1408
6450
999
7462
5331
7060
8333
9933
7226
8626
2474
2113
6317
6559
5614
4326
5826
4167
4845
9986
6778
1271
8958
6913
3593
3919
3104
359
2103
484
3877
8793
1993
9451
7175
2797
4424
5672
3145
3577
9366
858
825
1914
8708
1815
7123
1124
530
4332
6628
9838
3997
5831
860
2240
9628
9565
3265
2407
265
4713
1252
8766
3085
643
3205
8576
9758
8929
856
3348
1755
9532
7378
1740
8267
3416
3661
7476
1160
8908
6657
7431
2967
3747
7316
751
3740
8365
354
8783
3579
1359
94
5316
5507
5704
1698
1682
465
2380
4290
6108
1032
8031
4089
2294
4644
6285
2787
6605
3974
144
6038
6858
4763
7147
3057
1526
6085
6263
2183
4147
9782
6511
2815
896
1637
1525
5495
1077
8385
3845
3606
7286
3802
1163
372
9467
7657
8564
3119
2264
7994
991
384
8865
379
3453
9379
3977
2480
1017
3082
8021
7239
2801
4247
5565
6534
9060
6302
8777
5762
5658
5791
3271
7836
2835
7420
7655
4458
8157
9103
2877
8143
5747
7960
9829
2722
3555
1094
102
9696
9452
2829
3282
9506
7285
6237
3884
9096
1684
4661
2455
1480
3050
6172
4525
3213
3125
7115
4070
9464
5561
471
5404
5182
651
1326
8053
561
969
4602
6393
2088
1551
8114
8298
6239
5799
741
1673
8970
9070
8253
516
2780
7598
5628
9949
8312
6405
6677
224
423
3735
2828
2414
9265
1228
6975
1330
8422
5732
6283
4512
8483
6944
3012
9890
4442
1360
4370
3738
6290
3933
3222
8396
9969
4231
2611
1209
2013
6207
591
5386
9117
7533
6410
4807
1970
1829
5438
778
700
5082
5657
1302
2278
6142
4730
3106
4864
8325
2809
1796
5724
4708
1984
3298
7294
7046
31
8695
4844
6708
2064
2398
9370
6395
1370
9606
6852
5126
569
6274
9511
8196
8897
4575
1600
1505
9288
5569
5498
7650
1500
571
1133
3342
882
7654
6694
9634
698
6039
5803
8219
9438
288
3538
843
1958
5095
8782
9658
8701
103
998
1174
5207
946
5034
6276
7875
7192
5828
1383
5486
5121
8553
8452
5098
4497
9054
6070
4645
24
7288
4765
4853
2358
2773
6683
6961
8697
3248
3220
6134
7261
1849
1883
9161
4000
6947
6636
7980
2889
7382
5993
5106
4663
4529
970
6656
5905
5632
8759
9839
3777
9971
2820
5675
8936
1135
2229
7405
4699
5107
6744
703
4536
1403
767
5573
8892
4662
8756
8757
5511
6544
1573
4436
3295
4165
4444
5116
9694
3233
8389
3077
6748
4751
9609
3499
4793
6812
9440
2011
9578
4975
3670
7679
2335
6877
5224
6383
498
120
2231
6168
2467
8413
8989
3935
1696
1016
6851
5510
8071
3873
5685
8301
1269
7467
8402
9735
8089
7748
7253
6509
35
4118
2629
5555
9828
5485
5928
1712
9808
1638
2743
3312
717
1386
2852
6682
3502
1319
7834
7207
1718
6189
5709
5524
191
4246
6638
3046
2255
2092
345
9894
8723
196
590
9700
4907
3801
7740
1205
401
3161
179
9108
711
3088
7323
3888
9788
9858
2568
7874
6213
7387
758
7799
9488
4811
2270
4495
3826
6183
7968
6176
3392
9052
1365
5913
5299
6869
6678
4232
8641
6791
8637
9750
7844
4397
7113
9759
4886
688
540
56
6062
9229
8521
957
6784
2850
6184
4506
5437
502
6192
7392
6599
3330
2037
5048
3786
8860
5051
5350
3347
4601
9214
837
7682
8646
3475
6388
2884
105
9312
459
2450
6689
7394
2957
1855
438
5759
9747
9150
9133
8039
7390
4940
3978
1309
5634
7223
5918
4487
3273
8978
2824
6412
2752
8019
2997
4859
6436
9100
1927
928
5816
9571
1788
2766
7122
6441
5917
7600
7971
958
4494
8925
3224
9895
4986
2014
7575
6538
348
5542
7923
313
7079
3598
9770
3310
8017
3123
2524
8341
1273
4766
7656
3584
8699
2760
5619
994
4160
5590
122
649
2332
8665
8987
533
3576
4029
5066
8700
5241
1221
9712
9329
6423
2533
1826
4816
5663
8790
3716
2860
4852
84
8369
1566
7788
6557
8258
4454
7621
5736
4822
5951
3226
4226
3521
6426
163
5263
8370
6938
8690
4334
3972
7773
3898
1391
3144
8523
926
8378
8739
7456
280
4847
975
6017
6002
1896
3189
2867
9602
3868
9173
6095
5719
8612
3556
2771
9261
6432
8160
6875
429
3530
1126
1297
8581
6193
9779
4961
6525
8346
8232
6403
3354
5941
1851
772
7887
1777
3495
2910
7478
784
7353
5025
6502
3522
936
8361
7041
1056
9368
9533
4375
5605
3021
1863
2682
4814
4063
855
3268
881
1337
6568
1308
6158
3168
3410
4701
5660
2702
1909
9343
3321
3261
295
8270
8088
7016
5306
890
5053
6888
4086
1554
6110
6553
1310
7702
7486
9499
4976
2817
3078
6578
5346
3486
9465
4796
8203
2913
6545
452
7495
4376
1329
9251
7139
71
5367
9611
2110
1857
3279
9260
9328
3058
3035
7024
6319
9670
9318
3907
819
7256
5952
1980
7554
8572
2152
2732
536
5802
9424
4449
4381
9833
3504
606
2546
4890
1059
3033
959
5839
200
1677
8041
5394
7974
9772
8819
3430
9982
7150
3841
5528
1881
7344
1162
1986
5424
2006
2825
318
236
291
2739
1284
3858
1950
387
2464
292
7380
282
5718
847
7465
7515
904
5947
8367
2851
9666
6245
5226
3276
7386
3292
1280
5021
3428
2133
6267
2747
9372
5868
4087
5222
8065
6301
8484
9517
7251
5562
75
4594
4813
7396
1264
2649
2293
1660
8007
33
7173
7738
7107
6738
3842
9063
6148
9665
5275
9337
3950
803
7428
2657
8780
274
5682
8479
7746
2196
2626
2783
5250
433
5756
3590
8118
4585
4650
9817
7277
3217
7642
1331
2940
3432
8078
2075
131
4068
3649
9175
9929
6662
7236
9001
2550
1218
8307
2210
7370
9311
8973
8991
2261
6571
4077
747
773
3906
4311
9066
8398
9722
5441
1429
2391
6873
7580
7989
9038
9555
7921
9906
3609
3961
1106
5092
6455
5150
5611
3372
3708
2330
6713
7547
1212
117
8418
167
7791
3331
437
1944
8946
7167
1878
9208
4641
9269
11
1592
6170
9995
8952
3682
350
3763
593
1640
138
4224
5924
1423
7686
7279
8320
638
8933
2383
5314
8280
4363
278
2696
5382
6822
1321
8660
5190
7172
4031
9149
8122
5139
1159
6506
3148
7348
9512
5196
1893
9585
1681
2035
2282
3856
6833
627
5434
4871
9764
1457
405
8222
4983
299
3158
9734
9249
6128
1522
9146
4188
517
445
6293
335
7833
4378
7662
3613
1453
9638
132
6987
4702
7442
5879
5938
7934
9914
1823
3290
3505
7812
3755
5287
8602
7227
3503
1019
460
5045
1357
4640
4759
4033
7014
7373
515
5425
2647
1142
6994
1731
9358
1268
5820
4577
921
8878
7693
9592
9918
7959
9259
1920
9015
9193
2069
3880
1575
2068
5533
3467
5743
7309
2745
7796
8063
6056
538
9042
9846
2713
6798
6476
5904
3113
2299
1090
3471
5740
8181
370
6296
2461
4398
4151
3288
4233
1818
1754
6718
2477
5846
6043
5268
1814
202
7578
5281
7581
8614
1340
1257
4509
2433
6982
494
6539
8241
6311
9287
2845
4461
5661
9252
9235
5712
2194
9871
3640
9431
2190
8471
5118
1959
2724
7037
6316
5987
3970
9988
5895
8234
7910
971
6328
9563
4942
9059
8791
4727
5249
4153
3835
6627
1595
183
6064
5258
2637
4353
5101
9836
3097
9605
9598
6841
8237
5145
3680
5641
6508
8696
4482
1361
4527
7404
7521
8185
2365
267
1198
582
3149
149
1057
616
4150
4954
6745
4350
5730
8049
2132
9317
1724
3478
1753
1934
1334
8189
552
3325
9188
4646
6000
2659
2266
8678
5401
9304
5015
3951
3456
5860
9405
2070
5476
8148
2761
6294
5159
3891
5525
7369
4162
8527
5216
5179
6857
8005
8086
2352
4447
7141
3560
815
525
4131
3260
5264
8734
7932
60
2557
2043
9170
5164
9220
3822
7618
5776
6190
23
5496
9692
6685
6764
7531
1593
3578
1556
4280
2635
9011
1903
5715
565
7792
4388
8789
6286
3885
7153
8862
7211
6809
3677
5102
4238
3055
5390
9773
5043
3396
5111
7458
3313
1007
91
380
4266
2063
6015
6024
1615
1041
3999
5962
7664
7607
7614
8012
483
352
426
9049
3911
3300
1336
6728
7808
9923
4438
7389
2091
8659
3742
9780
2706
6100
4756
8997
2423
9655
3111
8499
1605
341
5237
2904
1281
9832
2175
1911
7485
5910
4580
7347
8342
4144
4993
5356
5143
7820
7696
4592
4837
7308
2157
5322
1888
2777
2451
2993
8556
3476
9132
4274
2790
1415
4939
7436
8000
6779
6399
3516
8806
7433
4372
1868
1679
115
1428
8275
7313
1693
6127
7441
7984
2753
5167
4826
2846
6529
1263
7894
8638
3170
6579
383
1864
3634
8326
4953
710
211
8861
6914
9860
9439
4624
2219
7361
7815
178
8018
81
8820
6817
3401
5271
6926
2227
1902
7413
4315
9905
6891
6272
3130
54
626
2654
7244
1401
6806
4858
6901
3823
4038
3368
8282
4446
6059
3897
8299
4606
7570
9632
7666
2284
9831
7768
4245
2703
2485
5450
5325
8139
7241
2081
1674
2424
9183
6225
9202
5997
3990
611
2146
6598
4895
9340
148
5602
4774
1287
4923
7586
6025
3246
8867
950
2543
8169
8321
5500
7371
6307
4692
252
6570
3727
4414
4805
2757
2711
8685
7012
2918
8677
2603
2381
4192
3120
4294
1368
9256
6061
1627
7052
1941
1417
4019
4098
9219
6922
9568
461
1784
5545
8686
9484
9863
7967
8491
5617
666
3140
2392
3773
5544
9690
1366
8147
2384
4217
4405
7970
6375
1622
9491
8813
5912
5347
3258
6411
8335
2987
4111
9412
9777
4097
1545
243
4489
3771
2573
8537
6357
4768
5502
4553
4629
2894
5007
4072
704
5490
7178
1610
4071
6939
5255
5722
2927
1064
9315
8126
7086
3236
1827
9942
714
9283
3948
9417
9075
9954
7542
861
4341
3612
4445
1629
5827
6054
9172
5506
8670
9880
985
9426
1132
3645
4272
5929
2966
6793
743
7878
557
1865
3666
8895
6297
2249
3016
1588
3167
6358
5546
9014
4045
9861
8760
932
3930
8395
3519
7232
654
3445
8578
2888
3956
3044
4421
6707
6112
6737
3417
6501
4719
2622
1703
9168
3819
8338
3540
725
6514
6966
8364
4599
1450
3013
2948
1810
9631
444
6814
6955
3198
7015
1267
2577
8138
7005
6927
2331
676
4834
4168
6607
5942
2226
9924
8101
3874
2961
3513
9089
8061
5423
6233
8246
5885
1425
2211
8209
6528
4694
2789
9299
8902
1262
797
9697
9322
3299
3244
2994
9244
4517
5586
4035
534
8822
8772
3865
3782
3557
4516
3353
2498
9362
1940
3813
2832
7022
9593
827
9660
5583
6920
4782
8218
5453
114
3335
4390
3827
4158
101
458
9474
551
1594
1069
6402
1717
4254
5064
2346
3581
1395
2995
610
8315
6035
462
6310
257
6937
1082
5755
6344
3314
8172
6835
43
7457
6181
7504
7866
4820
5606
2959
4970
240
6615
3020
1168
3171
8495
7958
7638
9550
6853
7633
4861
2839
3957
1184
3660
4684
8718
2347
6577
3545
572
4412
7904
4287
6145
3436
3762
7863
480
2879
3886
7941
2692
5070
4896
9847
5336
930
5919
3427
1720
4126
2476
6736
5426
2602
2902
1456
9024
9174
7391
7317
4186
895
967
3291
7915
217
919
8353
1318
766
2462
9446
6527
1512
8604
2367
8279
1599
1825
8786
3510
2955
6377
1035
3720
8548
6739
3866
3462
800
9727
2675
4773
3181
4504
6401
5812
6456
2996
6478
8832
1557
497
275
3303
3821
1203
9394
3585
4212
9931
6580
355
9769
3534
4386
3758
7577
1029
5022
2085
9237
7727
6590
2046
7601
2951
3164
1086
2121
9026
1806
6324
1260
4564
9065
1373
2645
1634
5470
5342
6604
9194
1045
1572
1034
2323
3831
9308
3588
4083
6003
3726
3349
2610
9725
6282
2972
4867
3381
2750
5900
8140
5594
3876
2674
5701
4439
5188
7762
9595
1838
333
424
9376
9689
1044
4874
512
8305
312
4921
9301
8657
9874
1025
2172
4557
7736
7180
603
5320
4543
5584
1604
9687
8920
5487
3941
6404
1555
8935
7484
3322
3266
777
362
4302
9740
6109
3993
1256
8592
7305
158
3370
9683
7953
3090
8382
2599
3132
9255
5480
5329
3186
2500
6378
4829
7804
2131
6541
9396
8154
1906
4794
7352
5892
5570
9762
3241
6516
4908
597
5807
9853
7329
7988
3089
563
966
642
4562
5769
8414
3678
912
6611
4219
6120
55
487
4114
1283
4957
5566
6943
8741
7848
8227
8619
8409
7518
6722
3749
8633
549
4609
7048
5341
9114
5630
960
2147
6731
1322
4972
360
6407
6988
5120
1534
9968
1484
5652
1173
2719
3333
7811
3483
111
2001
7636
6490
2646
5964
8094
4143
3913
5819
685
4462
2170
3674
1697
7477
6312
4583
9855
7825
7062
6805
5813
1286
4760
6794
7594
6204
5293
8044
4900
3500
8083
4112
1945
4391
7734
262
7765
5907
7063
5994
7652
7459
7498
5714
3459
9837
5835
112
7423
8907
5689
8550
935
8534
9978
595
8821
4090
5138
9617
8940
7539
7763
4747
2107
2490
7949
4389
8020
8485
3343
2036
5245
9720
5988
3000
1900
9443
3364
1243
1963
6860
4676
86
9217
1139
8941
9804
5454
8932
9991
1871
3305
5620
8990
1165
1912
1013
8144
7688
1585
8516
8243
4958
227
9009
4264
6876
8667
2058
1388
9119
3228
2363
7249
3752
9878
6572
8008
7034
8506
3689
3091
3351
5992
5921
7203
4967
4324
9810
6057
5595
7774
5840
3069
9882
6452
2213
237
3698
8737
4981
7333
6832
7418
3412
8345
1381
293
4994
1463
8110
5376
2263
6444
4488
7865
5408
3574
8546
857
2617
9583
2327
5400
6667
4136
4116
1844
4566
8351
4838
1692
4955
5779
2159
5337
3157
7408
5902
9392
7585
6533
9186
1563
1356
3062
3259
1220
3007
7453
1000
7084
894
6497
1770
7461
2784
8294
3693
6942
5548
5214
9134
9963
9936
5610
2130
9661
9230
920
6174
8480
221
8894
4368
9470
7366
9056
4041
4836
8923
7341
2040
8531
951
5228
9410
4627
3525
9294
5648
1024
5371
6454
2518
3494
3110
5520
7513
269
6951
9807
4134
72
3656
474
6232
4383
4973
695
511
8288
9143
6811
8211
5782
6952
7381
2458
5357
1116
10000
9017
6789
7756
2275
9921
2018
7068
5735
9564
635
6406
7837
3867
1746
6379
1670
2153
232
7196
933
742
8666
1968
9040
3719
2836
4305
9909
5147
7491
8887
8976
9106
7985
5597
8569
5396
995
7306
2017
137
2640
4080
7135
1760
3201
4781
5937
1048
2576
9582
4235
1433
2386
3152
4739
873
8880
1005
6364
3274
8079
6945
7472
7786
7952
3384
2655
546
4027
7823
7379
8876
7247
7047
1948
4639
5213
6224
8843
9449
6924
2540
8296
3081
2572
721
6565
5132
6472
4345
3996
5419
2749
7626
2616
7490
7536
244
7291
1809
4903
2718
719
7318
5094
1892
2369
6787
9223
7651
7697
5778
1583
3239
3616
6374
7694
8375
707
8490
9031
7435
3562
589
8108
9709
2733
4054
9374
9513
9536
8643
1641
5219
8262
5381
3190
8052
5344
1023
8240
1084
4359
768
8652
5467
5260
8669
7027
2020
306
7198
5354
1816
6117
6652
1253
3492
5865
7057
5397
8724
5169
7040
9927
7202
7507
1757
3488
7085
543
6498
4965
1346
1735
4155
7624
2184
5062
5922
9693
2897
4653
927
276
4697
3210
7665
8601
1567
2667
9656
1232
8587
6448
9589
250
8224
2639
4170
8304
8691
5308
7157
4190
1166
2288
9198
3909
1236
6953
5518
1399
1255
4670
5149
4576
6156
2808
7687
7128
447
5223
2005
2983
3569
5117
6477
831
1298
3784
1196
6098
3988
9577
7255
2228
2167
3465
2045
9702
6124
8323
9298
5110
3221
2532
9384
2314
1516
4001
2522
6012
8300
2415
4885
2440
4971
1206
5303
8462
6513
1338
2449
1494
8032
8486
1611
9347
2357
6270
2814
6672
8498
3535
8090
6254
4682
2033
8875
1427
8588
7549
2859
2810
6040
7235
2325
2504
8557
3825
4938
2448
6703
3240
4737
7101
1543
3422
145
8598
8607
6867
8384
3601
876
6742
1952
9457
8420
50
3154
1978
5976
201
1158
5550
4478
5876
2177
7266
1608
7733
1528
6333
7340
4312
432
448
3721
7584
7398
9403
2245
1544
1957
4382
550
897
2180
3627
989
1121
3380
1768
4480
4394
2430
1642
6014
4433
7290
8469
1358
528
4483
213
553
1141
9596
1667
4789
839
3785
4465
4203
8982
2919
6790
1861
9087
5576
65
4989
8406
2564
4616
1313
9027
8316
4330
6118
3296
3905
7944
8857
4183
1246
6386
5788
4473
2267
5201
5780
2004
4520
8613
6342
4270
9751
1067
6474
2893
8728
5302
9007
3137
3900
4122
9992
9826
3203
8610
4643
3769
9601
4880
7064
9159
3337
8451
3461
9999
9091
9053
6716
9281
1114
6515
1533
1872
3733
3212
3278
3388
9080
5551
2545
8068
9231
7201
9032
2631
5833
5582
3293
277
683
6547
6073
1325
1597
4718
1577
1128
3697
4664
7146
6355
8004
7649
281
4910
8852
5529
6105
9357
3450
4932
2082
3604
2311
7049
1663
5208
2074
8594
3327
5883
8568
6810
2730
8800
7444
2615
7148
4962
9303
5440
9268
8461
6589
5781
7975
1715
6427
4026
25
2435
4103
5351
9507
3074
5688
9418
5058
5008
3072
2707
3253
4124
1033
3302
4075
8905
2290
6159
605
2176
8381
1063
8520
6931
6505
2195
4574
1103
9514
1328
2848
1088
8773
9812
6253
2769
6408
9233
4979
5796
2988
5457
2530
9425
5345
6365
2395
9411
1140
8828
1807
230
9189
8431
1219
7784
4596
5872
7806
57
2804
4913
1483
2698
9672
9613
5232
7411
9614
7284
7555
8787
5242
5134
8121
1668
9763
6719
6663
7890
3922
9621
7350
155
1081
1008
73
3568
7983
3852
9355
8872
3814
404
6305
8317
9326
7355
1603
7824
1617
7810
1409
7393
3263
2971
9099
1771
2738
6421
587
85
7455
1485
4229
1481
6256
1397
3551
9342
1738
6688
2230
2868
2566
3926
2340
495
1187
6935
2651
622
9845
2137
5413
5834
6679
623
4209
7757
7184
9450
7283
6349
1352
5693
5229
2727
877
8874
7364
6122
159
1955
3071
1578
63
2881
249
9624
3517
3355
3418
9737
5608
1194
4951
7372
3971
8036
4593
9142
1954
8473
6182
5020
238
9144
8552
732
3563
6637
4635
2683
7452
4104
3238
8379
633
4883
2478
6909
4723
1523
421
6646
6512
8714
1404
6340
7059
4673
9280
4591
2694
4163
8896
5340
9111
3706
1951
7637
6775
2062
9292
7325
4030
1517
4491
8026
3803
9131
2982
5327
811
8814
9062
311
6763
6915
7956
5278
5395
9703
4107
6624
1601
7683
1549
5055
8067
672
4514
4214
1349
2673
8318
1342
1562
6754
2914
1854
519
7903
8841
1164
2442
1072
6483
8763
6295
9677
7839
8056
4196
6079
4598
697
5577
6548
5023
9320
7629
1274
7592
9958
8504
9653
9043
7821
4475
1848
2912
7775
3669
6325
9998
3250
3709
2561
7840
6885
4544
4230
6608
2802
9504
2151
7630
8457
9437
2295
5198
3155
5119
287
1493
1932
9635
2705
8284
420
5282
7054
785
2409
5193
6069
8628
1151
7159
1919
7332
7023
1969
9050
9698
9928
2373
346
3002
2575
1474
2656
6212
8080
6331
6894
9956
5286
6804
5029
4128
8623
2119
4187
3030
491
1486
1202
6752
5405
6695
64
8427
3599
7976
7873
6199
7795
9669
978
2048
1155
3547
1539
7523
634
5999
3683
6603
2426
607
9348
1901
4347
4044
377
9246
3808
5246
1127
8153
2060
7158
8054
1145
7429
4477
776
1110
8212
7301
6077
3982
7892
4784
696
1100
2807
8951
6152
5290
1997
8749
9088
9775
2786
6923
5980
366
661
2928
6280
289
1775
6041
9819
2885
5514
6417
1254
4022
2973
9947
7233
4300
2388
1847
7003
3076
6906
4135
2140
3006
3646
5720
3927
1169
2469
7659
7747
7099
545
3713
6984
2052
7566
4023
802
4832
6986
2775
2537
8050
9792
4633
1546
9115
5240
9857
3744
1418
6163
4526
6591
4463
6326
5651
2320
8394
620
3122
3600
1125
2612
972
2431
6287
4818
6974
1548
5635
8595
3328
7250
403
1078
2473
1363
481
8583
4906
5738
9953
6409
7755
4180
5656
1858
3815
2351
4373
8924
8259
5189
852
9245
5462
8187
5152
5925
5355
1972
4337
1462
2800
6614
888
3118
4720
2684
2685
2259
5142
7119
5195
2038
5698
5739
6255
1275
2528
650
8197
4364
3985
4004
4055
3980
7672
8536
2869
4508
5777
1979
449
7954
3225
8956
1146
663
8574
5572
2921
3537
7011
6018
3052
3053
3595
6760
3064
3446
9663
4078
5352
2853
6066
7543
7169
195
4335
2025
2630
1645
9892
2686
2405
9898
708
6271
5112
9323
5725
5235
3878
8405
2618
4354
849
5742
4057
3925
9289
3382
5655
783
8683
4152
6726
6620
567
4726
8347
3575
1147
9955
5412
6801
9224
6093
7527
3753
8710
2937
5269
6771
7154
6221
7978
9558
6990
1870
7337
6303
8252
5294
6141
9239
6948
5972
127
941
9546
2457
4268
5823
4947
7867
3989
1741
2094
3924
5368
5927
4450
9591
6370
982
5665
4933
8331
660
2084
6323
947
6709
922
5967
7568
4255
908
1405
2871
2456
8302
678
4548
5233
7388
5319
1773
2701
4634
6558
3227
614
1201
1248
8069
7439
7358
3254
5509
6929
9881
6643
2905
5926
9407
2439
44
5156
435
7197
9393
2139
5420
6206
7218
3341
2499
5574
8013
2509
2929
1734
6034
5215
6880
8362
7204
8879
3736
6341
1862
8084
3255
6734
4915
3398
8073
7809
637
9527
8446
1316
4785
880
9790
7538
7036
6493
6143
613
5760
7640
5757
8042
4257
8028
9116
6758
7813
7787
8916
505
4177
8455
585
2156
7726
6130
6391
3068
7246
8795
577
9110
3883
2237
8489
1432
7919
6264
6489
6008
6161
7582
2203
1704
6898
9676
3045
8360
6126
4195
48
9121
2922
2359
8104
3543
748
3289
7403
4006
3188
2605
8051
7311
436
7877
527
3757
371
204
4113
6
3582
2525
789
2463
6445
5014
4638
965
9579
3093
7609
2511
4123
664
9776
3624
7760
5465
7103
5852
6883
8890
1779
1171
3338
2188
4752
1065
1095
6180
619
1943
8899
4407
2443
7591
4617
1143
5638
6549
1767
4788
9844
5236
4821
5989
6384
302
110
8955
8468
4671
9552
4987
3079
338
9799
8096
4611
905
116
8443
5257
2197
5205
980
7072
8589
9883
6899
1646
5706
9520
779
1027
1028
4689
5129
5144
906
7914
1828
7879
9485
6300
1564
2992
8606
9916
4714
744
6907
7280
801
8767
8082
1223
7206
1538
343
9711
8571
7050
3810
1502
8709
7888
9801
4937
4786
2185
9856
7990
3795
6632
5676
9987
4053
6155
1242
4872
4632
5036
7510
5890
1006
1351
223
2436
6970
6949
3117
655
3484
3073
298
3523
5960
5953
7583
2238
8836
1750
4968
1975
3481
3914
8618
254
9959
8547
7732
6458
5869
3103
7432
1907
4628
2658
6968
3915
3463
2896
4893
95
5289
5974
7126
5359
5184
3949
902
251
4015
2141
6973
7440
2531
488
4966
2811
2619
5599
7770
107
9872
3552
9182
8580
8075
4607
3937
750
26
774
5568
7414
6299
738
4076
7351
8164
7343
2234
6499
1497
6471
8034
190
6273
3892
6704
7966
8751
3352
8769
7676
5369
8322
2292
7185
4278
2370
4228
1835
7130
3229
5984
6725
5750
9820
9051
2821
2080
6862
5798
8692
9263
6171
5338
134
6895
6314
6031
9684
9086
2670
3889
119
9646
1885
89
5841
4687
4176
7612
1490
4690
2258
2168
9209
375
4413
2593
5230
6724
5726
547
4534
6625
7443
9616
357
8221
4432
130
6870
3311
2488
8562
4742
6647
4213
2269
6700
9279
6087
2106
206
2273
4950
3449
4342
6371
1001
5814
6674
9559
8802
7628
786
3474
2389
5721
9542
2886
8199
6094
6520
3096
4589
2759
3172
3371
150
1226
215
1766
6941
1073
2574
9794
2664
3457
5607
1137
9400
9129
8798
9887
3955
1636
5478
3691
5225
2693
9000
7133
5372
6727
3195
9225
8482
4573
579
1503
349
7051
4733
5128
6162
993
294
9373
675
6437
1672
20
4428
7671
2866
4061
7422
4309
6260
535
7407
4012
3084
8853
3668
7230
6235
5775
7356
2930
6115
5784
434
3406
9729
8778
7556
1736
4148
2475
3750
1656
6336
2570
6843
691
2592
4865
4922
5526
4250
7559
5311
4655
5206
3916
2895
5197
9166
7670
7605
6160
4110
2754
4969
9160
8303
7071
499
3790
6807
4675
4036
9436
1392
9714
5785
3605
374
9122
7587
5044
5018
7977
5091
4530
305
340
5622
5899
4099
9196
4466
6582
9827
5731
4106
8745
6649
5384
6083
3329
3306
4101
8837
1665
6690
3920
3622
9064
4618
7881
2791
1440
8858
4073
42
6210
1625
4734
1939
5592
7473
8002
351
1448
3218
8555
1833
1186
8597
1630
2402
4093
218
7487
6781
3869
8454
7900
9834
2503
5124
1742
9495
8183
4401
6711
5795
4540
1231
2444
4400
5103
5348
6536
9977
2222
2579
5734
5489
171
2482
6350
7001
1011
7299
7143
7564
8575
7645
9824
1272
2341
9222
1377
813
7338
1922
51
8344
5002
2053
2556
9377
9264
2393
3304
1644
1619
2968
8426
7942
6137
1225
8755
8812
7151
3434
1587
1382
2186
8124
1475
3651
6705
9130
4725
7417
4361
4927
4318
3711
4142
2578
1866
7069
9584
5563
9227
8496
3245
1995
6220
5956
7948
5451
5534
7769
4672
3929
2627
7430
692
8014
7002
8233
4770
2976
6202
9746
2734
3455
3991
4949
8966
5458
8076
9888
4657
6010
6654
9486
4222
443
4333
8985
3383
7502
7933
7972
6524
4897
231
4918
5679
8645
9904
6965
6680
7552
3879
9789
9473
3792
382
1301
7957
1362
6033
9101
5385
4357
3718
82
2118
3570
4049
1156
6849
4625
1472
337
5687
3493
9822
4578
7761
6967
7859
9528
4698
7482
7615
473
4020
8915
8319
8447
952
1947
156
5644
7039
7376
4191
7912
7886
3799
3160
3451
520
5363
4595
1482
7528
9012
9784
1962
7363
7438
5339
8115
1856
9077
3761
9572
4202
9997
87
4094
1285
8856
8993
6390
2481
5209
1581
7434
1265
8074
6495
724
496
2644
2558
6281
5292
2034
8668
6218
182
3632
739
3003
9094
7929
9707
997
1990
9500
8366
2652
7365
7254
6618
2823
4307
8807
6226
3657
836
1289
5931
9539
3163
9029
2882
13
9944
7998
4082
3277
6844
2441
6772
3143
7454
1071
8658
2589
6714
4043
3469
9535
9461
1765
5160
6243
2989
9210
7162
5961
9682
9432
7029
4999
2822
469
8492
1049
4524
5889
440
7870
4017
883
2939
2214
4435
7782
5908
3529
5252
1535
3215
5815
7322
4850
9375
6466
5983
5399
8726
2254
5557
3061
6989
5285
5768
4434
4178
9081
5579
2377
7234
7174
5538
5535
3847
1464
8109
2252
8673
8704
9993
7801
5075
9178
9242
4362
9937
45
9625
8963
66
2031
4402
2548
7982
7962
8136
4567
2841
7935
6463
8732
3844
3647
9319
6820
8957
2934
3648
5845
3127
6963
2712
7307
2350
763
1710
2729
3204
7044
1933
2831
5448
5805
7074
9580
7817
9346
8684
1751
4572
4251
6029
1430
9815
3184
7713
4700
6164
7090
7764
9886
9869
1317
2563
9970
4351
4422
80
9127
6277
7790
4200
9459
6369
1977
5105
1824
6144
9575
3696
7020
4205
6563
6622
5079
7861
8239
674
901
5046
5272
555
2413
4707
5309
1420
844
1270
2257
808
4138
4498
8186
4328
1052
5212
9525
9045
686
4846
1393
5564
3385
8220
6890
6165
9306
9879
6825
1189
9018
6768
2427
3386
7468
2002
9316
6050
3650
5986
6186
8980
7843
3765
1769
6096
5877
598
8152
9169
9404
7446
1177
6650
1216
5673
8954
2135
5428
4198
539
3142
2205
1258
327
4016
3159
399
3899
504
9765
9768
3751
2008
3286
2941
7070
1701
2596
3361
5324
1422
9911
283
1689
5304
356
3788
2364
4184
347
8440
247
3938
1004
3243
8477
5995
8077
1157
3509
1489
9286
639
1879
8505
1204
1749
2232
1569
5040
8176
1576
3442
1729
1586
9226
6815
3671
8900
7951
3424
9494
3672
5836
1122
8975
6723
2669
8087
5996
5758
4889
9270
3287
7829
6131
18
8263
2755
8825
4223
913
1134
8283
1812
9399
8655
4242
944
5109
7627
6244
4085
2998
7475
6457
5076
4377
8100
3404
7397
4236
1074
4746
3176
4518
1476
2418
2421
3542
4046
7691
2964
9626
3
560
918
1131
544
7112
6561
4724
4902
4448
4096
2600
2687
7930
7474
8167
8974
1129
641
2903
9728
255
7524
40
2419
169
6268
4914
5859
3043
8514
2770
7321
891
7969
7717
1524
6848
6813
4119
1123
3087
1532
4866
1867
234
8047
4851
2776
9216
1437
8035
6139
4129
6228
7447
4944
1607
5009
6021
8834
9145
5818
6481
8001
9415
2378
1061
6236
7426
3849
1237
489
58
8464
3699
2221
5990
4748
8805
2065
1616
682
5894
566
2317
7092
9416
1335
2124
9813
2099
1306
3532
1998
7635
8465
3346
7109
720
709
8826
4547
219
3908
1144
6629
2768
431
5016
6022
8898
7548
1455
2516
1973
6229
8327
6133
1671
263
7906
279
1661
9107
4171
8647
7841
3960
8429
5623
5668
2975
4658
2410
4783
9266
98
9733
8273
7354
2725
2246
4899
7950
7097
6227
8337
4515
8193
3177
8500
1964
2872
1118
4074
3734
3362
6447
2954
1994
6958
7563
9192
4750
2470
4207
3060
8123
3695
4316
1459
6730
4711
1843
3812
8265
3947
6191
6757
3066
1327
7421
9644
7562
7597
5531
4502
8544
3969
7893
198
9039
1447
1982
9004
3028
5291
628
4269
8703
7075
2792
699
3665
8229
5010
2608
1200
8003
6194
7269
109
6345
3497
8750
4369
5148
9925
4181
7758
7200
9529
6597
9290
1521
7140
2447
7622
176
5789
7194
6762
2090
7901
1889
9637
3571
8770
6101
7868
9453
2024
1621
6940
3193
508
2587
8891
6639
1197
9383
6648
6889
364
3839
8437
3559
6269
4619
3853
1465
6459
1662
9321
8145
6675
2109
2628
4117
3923
1580
8884
841
7557
7463
715
2403
3959
1375
3514
5410
5683
3309
2714
10
3690
943
9518
7076
986
3583
8430
5035
2200
3928
2086
6859
6125
4659
7342
9466
367
8134
2029
5955
2399
1700
9147
9185
9184
2751
7479
8478
1291
2174
756
5154
6785
4285
4008
4293
4686
2437
5466
7319
8371
8930
5851
757
3039
5930
8107
9482
1303
3587
3531
8162
3707
3182
9745
3136
2764
8600
1107
8680
7225
4678
8961
1
1568
8057
5966
1014
2923
8593
2979
6052
9647
791
4415
2297
1873
9037
5633
8354
6681
6488
5643
8016
6878
953
4201
8998
7997
7489
4174
5677
2492
4924
7210
3284
428
723
5969
4115
1009
2260
4538
9408
5911
8336
233
6060
4496
5447
9541
5501
6658
7690
3597
4331
7199
9468
5297
6453
9724
5556
1180
3566
9915
9481
8403
3715
482
1776
6729
665
2671
427
9434
1350
6414
3987
6645
8744
3838
2513
5162
3249
5202
8062
5523
4909
887
1396
9948
2241
457
3234
3034
4291
6564
826
5349
5973
1470
52
7149
5659
2595
8064
8811
4140
5645
796
6063
4040
3921
99
1915
6030
6642
2342
9391
870
4787
8742
9623
8043
1602
6630
6903
4240
4471
5493
9654
7245
3644
6065
7262
15
6828
4279
4677
2178
9554
8517
365
5017
701
3994
4244
5071
6081
2298
3473
6330
9919
4809
2920
7579
820
7700
6712
4
9699
8412
9526
9069
900
7777
3724
7480
6664
3770
996
5697
3124
6147
5343
7750
4802
4660
8149
7999
3036
9854
8188
9058
8885
7520
7120
2468
2794
3596
2986
4379
9967
687
9197
3009
2287
3635
4729
1020
3138
1451
8131
537
1884
1632
5461
4426
4705
3829
1895
92
9126
5005
8438
6933
1410
6874
5176
8515
3339
2272
4780
9748
5844
6154
6504
9842
2856
8129
8849
7067
8120
5012
8388
9502
5251
6339
2864
4555
6266
9097
2535
9140
1676
8722
1371
9627
2508
7265
792
6049
1406
5888
2235
3375
3979
4039
3025
8661
9553
6416
3639
7131
2541
2672
7946
7814
8119
6111
3105
8775
9120
6185
9388
8400
948
3712
1789
9156
4755
5459
6912
8171
3175
2915
2697
6666
3608
9047
4934
3675
4301
6956
8404
5456
1416
1520
8125
793
6443
2169
8285
8584
8912
3860
771
5745
5137
9754
7492
7287
8277
8999
2093
344
6351
9941
1894
8373
2709
7129
1805
9199
6084
6518
4741
1991
1931
4863
8128
6800
1066
4079
735
3095
2926
6698
8511
9163
2406
5598
6439
4005
8804
5122
6150
6972
8651
5642
2394
9671
8194
126
8442
8617
2495
3518
2404
1036
4581
1859
9151
4674
938
7860
9218
7336
4100
5505
4931
3619
7205
1247
3511
8675
3083
574
2220
4806
4767
9332
6376
9148
4409
9351
7864
6687
7918
3441
8170
5811
5187
1722
3687
8135
7018
9664
3663
2471
8247
9409
3968
7565
5323
2428
2621
1150
6368
9587
2003
5318
7189
9741
6905
1606
1324
9823
9085
615
8417
6978
7604
8512
5374
1935
874
2614
1398
5430
3156
39
3318
8762
3356
3962
3269
6072
6585
2898
5893
5808
6011
2339
96
6824
1442
479
2762
8238
4744
853
416
2343
6346
7712
6818
425
1369
3623
9472
3447
4500
422
9610
1852
3918
6473
939
3743
4736
1785
2849
1333
981
6075
6217
503
8256
9907
4842
7330
6861
1708
7042
390
7741
464
5901
7499
3507
2368
3603
7152
1574
9940
1930
7094
8620
7849
529
2517
8458
1680
5985
1304
693
7719
705
7926
8753
5090
2933
4218
8006
644
2818
2189
1434
8045
9330
8099
4451
3731
8377
8943
6380
3001
5026
9296
1929
8332
6777
8554
4943
6246
4261
5849
9732
1109
6451
5624
248
5754
5366
493
7302
2313
8848
8058
22
4141
2145
8959
3958
5247
4808
9679
3374
6230
6746
5429
7703
2446
1436
6188
2360
3435
8764
1657
2166
271
5580
3409
7710
7334
7058
1714
9910
764
4905
1513
9429
7963
9901
8717
2303
2523
6542
8911
4753
8953
76
824
4542
1222
1803
8116
8797
7183
2636
322
2083
5011
1148
3029
7121
7730
929
7164
6116
6097
7278
5398
181
806
9650
8630
4365
6902
657
6584
3315
6092
8801
3998
2362
9556
8374
6211
6521
79
7481
4892
7327
3934
3741
8358
3717
8173
7882
4825
8425
1466
9046
2117
3520
8066
925
2361
1860
3114
1921
8411
7032
8529
9600
8707
5783
8945
304
7187
1938
1655
2256
3468
3174
8983
8532
2385
9930
4284
670
6016
5824
5484
6091
501
689
309
4519
8674
2953
6823
3037
4175
5728
5959
8851
6715
7858
413
2571
2744
475
9859
6413
8736
5670
8901
818
7965
2837
5600
6461
8436
9460
3580
9447
272
5585
6796
6837
8334
7931
7346
573
9639
4952
9531
790
8765
1251
1794
8962
4395
9228
3620
8459
1706
1185
4977
3191
7124
961
7631
197
9215
8528
2963
4018
2984
8662
8629
41
6032
2741
3387
7006
1918
1570
6327
3247
8497
9104
1311
7715
7789
9868
6178
4067
4738
4025
1596
6641
6587
2607
2938
9297
3895
2445
9487
9300
6593
9742
581
8070
59
9965
4275
4758
4868
8130
8137
5380
4797
8893
7193
7349
2510
8730
7190
3890
2880
4352
3816
9191
3573
5588
8842
2717
5087
1498
1691
9442
5104
2678
8401
7258
3366
8208
5220
330
6166
5650
3643
6854
2974
3444
3591
6129
4878
2788
4384
6556
2642
4795
5452
6546
4028
3067
2243
9761
9171
4743
4665
3413
684
6753
6581
795
6265
2300
7427
7616
6106
7324
9932
4988
5711
7399
2128
9920
9785
3548
8792
822
7281
153
3621
189
6257
6855
2512
4590
7913
6123
2215
6119
3506
9818
1916
6023
4325
4393
4344
968
9
1842
7553
5191
5552
2100
7785
9726
1492
6153
8206
8488
9389
3131
9607
7540
5006
6151
809
9615
8815
4990
8524
5360
4912
8526
2401
419
2097
3237
2054
7209
1119
9092
7917
7678
6429
2746
7639
6102
6067
2857
8216
9852
2356
4839
7560
828
4159
3433
5279
9137
9900
6107
1018
1791
2666
1461
4569
3638
548
9926
5445
320
7320
834
872
1224
3048
7753
4691
3350
8725
2873
7991
1518
780
2708
3112
4835
889
2748
2144
7416
4323
6431
172
4060
9406
3393
6919
2507
8202
3779
3316
1530
1354
5792
3169
1942
1996
9083
6467
16
1085
4277
6306
7595
5727
8343
6037
4062
5057
4531
7572
4380
1282
5280
8939
1353
1348
842
6419
1880
7132
4256
570
765
2387
2285
3629
6249
5177
7611
7797
8740
258
9633
9767
7243
4262
2105
1062
4249
9640
3893
652
7561
5669
5239
7326
8781
1426
3642
8242
2830
7648
1460
6596
5870
408
2565
4492
9176
807
8507
2740
1380
8968
2274
5612
2307
3526
509
5878
6366
1737
1261
2650
4997
4539
2715
7160
3780
2268
4582
668
6398
8937
9749
2095
2326
3262
9344
7134
7125
5163
7530
4745
6313
6865
4303
3641
805
5028
3358
3625
8025
177
8217
5733
7118
9946
5621
1787
2544
6385
5560
6157
7603
5421
7166
648
4095
4680
8255
1445
9569
7106
2494
706
9835
4399
621
325
8292
1230
7896
8182
5527
7503
5497
3411
1491
3834
4704
9435
3194
2803
2181
3324
8046
2143
3732
1669
1541
7385
7759
679
6396
5054
4615
9305
9989
9221
2302
3357
154
6449
9395
7996
8257
4964
3472
9313
2965
9957
29
9386
9787
787
2026
3363
2690
140
316
8543
8995
477
7296
907
3403
7312
9098
3008
3986
2372
4919
3080
7095
8472
1046
4470
8712
8981
6839
7606
1172
7793
3426
6479
5771
1795
2840
6621
5140
1076
2019
2072
656
8330
9825
5165
2277
7781
6491
3781
4042
3870
9232
70
4121
4815
8261
2900
6612
1229
3408
6921
6005
9084
8779
2337
9295
3787
8927
4322
518
6999
3626
9766
9352
7729
4604
1292
4105
6583
1658
1739
118
1026
3679
8671
6595
3019
7013
6321
7219
8038
1891
4346
8827
3285
8518
6721
5136
1379
7238
1290
2076
6335
478
6462
3121
9363
1664
8829
9036
6925
4032
5108
8784
3301
9380
7644
6234
6400
7692
716
812
5295
2209
1210
5547
5170
1130
8310
8105
4941
7383
7053
166
868
5832
3196
393
2911
4056
1536
2055
8195
4693
6446
7576
8672
7400
3199
3694
5825
6250
9082
5077
3565
8010
6074
5415
3094
2710
5270
3586
1612
4252
6284
917
9213
7830
7961
3896
7551
9629
3652
4501
9899
4374
2239
9035
3798
2374
8996
1478
4652
129
9309
5674
1471
8919
7851
5300
2805
9544
5662
4571
8719
7508
3141
9165
7979
5199
9641
6588
4154
2542
9021
2901
4507
4823
9476
5886
2562
225
3207
2073
4306
3710
74
4982
3630
3954
7805
5513
7009
162
6422
7602
4620
7818
8098
308
9567
4469
5809
2233
3817
3881
6551
5975
9234
1792
2613
2551
8215
8245
4014
2253
9673
7501
6670
9334
5933
5358
2991
6668
2538
5463
8720
2567
7208
2514
8776
9685
3360
5666
1468
4137
3015
2016
636
5052
165
753
5703
5100
30
1846
6631
2059
7260
9896
2549
3326
9972
6200
992
977
6198
4021
782
7028
658
4882
9138
4984
4715
1051
9179
8854
1323
7749
4731
27
7008
2087
2648
2379
7925
1343
8503
9566
5435
9713
6946
9843
6896
7737
8969
8463
2154
6765
8871
9811
4499
5262
4560
4679
5881
170
4081
6619
6179
1454
1772
3038
6950
1890
823
8159
7127
2917
1241
7709
7110
7367
9950
9284
586
671
90
9008
5829
6135
5388
910
4320
3800
4355
1976
3219
884
9277
6535
9477
7019
2223
2129
1999
7995
7214
9167
4003
6983
6175
3655
8639
1083
5135
4959
713
7165
6494
6786
3491
4541
6262
2212
8250
7145
5898
5786
8295
3367
736
7544
3611
8081
4358
9475
2204
6594
1012
7102
1713
6911
3746
7314
1702
4761
9335
7082
1542
4637
4199
9361
8201
2338
4313
2501
7031
7574
317
4695
2049
430
5681
8918
3791
4258
8831
6957
9353
4870
3027
1798
1821
7506
5433
8877
866
3223
7588
395
8533
1761
8603
7375
3725
3011
7541
7883
141
3389
6415
7800
2202
5133
6904
1799
523
6985
5821
7215
794
859
6886
3976
630
8306
8009
532
207
388
7681
1320
1752
5081
3965
9398
1956
1101
1439
4366
5946
1022
8909
9678
9630
7252
9757
319
2519
3843
2552
5830
3527
5072
4683
4146
5402
3589
9620
5387
5472
4898
612
9840
3681
2653
7593
7470
2813
2000
8112
2609
1387
8818
1685
9588
2782
6601
6567
2247
759
1579
3479
8040
7213
1831
4505
4443
5504
8579
7891
4860
353
411
1347
8596
1992
2078
4513
9674
6606
7838
5123
199
5748
6026
2454
9691
5499
3032
5540
2310
6732
7973
9756
6259
7724
9314
8393
9800
2874
7406
7509
6291
3180
7720
983
143
5460
5998
9141
88
5178
7831
7816
3101
5801
446
9023
4486
2641
4263
4220
3748
2163
7550
8513
6845
8030
1709
7846
2584
8281
4647
4406
1537
7298
9791
6440
2199
6954
4656
9071
78
8738
5741
4092
7947
4248
6114
5248
476
8830
1402
5896
8754
3544
212
6756
4546
7163
2165
5817
8439
4828
2187
4945
8938
4812
4523
2960
6347
1378
3334
9508
6766
1923
77
1811
3983
5296
3437
2225
4732
4420
1244
9493
1529
1653
4804
6442
8761
463
5113
3594
9428
6816
7695
8213
1686
1949
4754
4623
174
3793
3887
677
7660
4974
5678
6959
1793
2201
8988
8024
8949
647
2700
8624
8823
8340
1897
8328
8676
245
7852
1400
8904
5629
2935
804
7242
6879
1511
5168
6692
6053
32
5932
6934
8715
1473
4453
9797
184
1609
1820
9454
1840
2843
1112
5274
1917
7328
2345
2875
6964
6881
9675
956
3345
9793
175
407
6279
7171
339
7300
9123
5379
8023
2096
9752
5903
9275
4579
8729
7617
5589
964
851
5183
5934
564
9162
5422
3252
6360
5266
1412
7088
9293
5171
7497
266
835
8840
2108
9253
8727
5273
5767
3702
4260
5842
5654
6460
5948
6001
9951
3943
8535
3701
3297
2366
2916
4241
6430
3854
6761
1553
1054
3047
1238
3942
2434
6819
2429
4642
3940
1038
7924
7186
8150
7360
9422
1519
5392
1496
5488
7545
9177
3099
4876
1960
5874
2569
7590
142
5578
7573
8590
5276
7571
8386
7707
8156
4597
1102
8979
2489
2077
2985
9359
2695
5403
2306
2116
6575
5837
2925
1730
2625
1339
1037
4206
5949
9327
3953
3173
4194
4034
3850
9139
6671
3150
5909
2376
4485
6979
4840
6523
2943
2304
8545
6322
6847
734
1598
6717
599
4881
973
5723
9387
4130
7156
7310
3607
5475
7000
3419
7512
8357
1639
974
3267
5305
840
5613
6438
2208
9939
2978
1649
3340
9041
6693
3458
4297
8705
3768
8519
8609
7295
3128
8859
4282
7315
6552
4928
4314
9980
798
4798
3729
7161
987
6356
1087
8286
4360
4164
6623
4605
3256
1031
2668
7908
3231
7723
9180
2015
1449
7884
4636
4978
3524
303
2460
1695
2009
669
2735
5265
2206
5192
6132
8747
397
5084
5019
8207
1707
2559
2262
3294
34
5671
7191
1501
8796
8948
5083
3075
3376
5000
5690
3242
1898
2585
2496
7643
185
8984
4799
2526
6659
4956
3936
2160
3257
7293
1786
2044
7081
5031
2281
4843
4052
5443
439
9102
9267
3026
9356
4901
4833
2279
9365
8266
6261
4304
7673
9938
5004
3723
7496
4286
1188
5056
3010
1589
6382
6076
6661
8274
2236
2779
8577
2785
9463
9877
9573
3501
988
7345
7898
69
4459
2161
8573
875
2158
5700
402
4299
5042
5517
878
7767
4879
152
8308
9207
6644
6487
168
8180
1716
9030
5181
8494
3017
5003
2799
3778
376
2101
3704
7228
6706
3023
979
8625
5173
9873
7402
6465
1552
4047
9090
7922
9821
5174
6829
5283
2580
6866
5539
6540
6394
4587
7272
4561
2420
886
8072
7357
1307
6468
4803
1249
1015
3024
645
9718
2633
9153
1113
7362
5243
2862
7449
6047
838
9157
8178
2348
6792
4762
323
7519
2122
9851
9716
7745
8091
5923
9254
2336
93
7743
8735
562
8476
8733
9479
7857
8794
2432
8986
5483
2586
9478
5773
3541
5326
9662
1690
8453
934
135
108
1582
8015
3811
7728
8033
4911
8142
3637
7802
2899
681
3508
8816
726
7010
4243
7744
6735
2827
9710
6830
7872
2207
1839
4857
8141
7534
5409
6485
4654
1154
2956
5061
8910
3794
4467
6046
1098
4776
9496
6998
228
8605
2162
5914
5707
226
6910
3391
2396
8161
369
8175
6691
733
6532
816
1479
8563
4521
9240
7945
5640
3344
4603
2127
8329
8184
9903
4267
3192
1394
386
2594
2057
9271
9537
4204
4830
2858
1643
8833
7623
290
9076
6586
5856
2870
1149
2319
3964
640
17
5194
3415
3739
5277
3139
4533
7104
4728
7303
2944
955
1822
1550
9492
241
3539
8383
601
578
7754
1531
6673
4584
7641
1510
9945
8758
6600
3319
8117
3633
4156
8931
2218
8466
3042
9966
7237
3399
2120
3910
2305
863
8423
8092
4801
9471
3202
2883
4771
5847
1633
300
1093
5024
1830
4349
1050
8713
4551
6242
2834
3480
2796
5717
1227
3992
3498
4253
2487
3443
1558
5067
3005
8502
2382
5977
2534
5151
4666
1213
510
5887
4310
5334
1153
2634
1364
8917
4490
2
2066
4468
5968
1743
8928
9612
559
8290
9816
5794
5716
1800
7902
8906
2114
8352
3848
9976
9195
3833
646
314
3439
4669
160
4127
3862
1584
848
9338
6826
8103
4149
8903
3049
4712
6136
6676
3536
2981
3952
6149
1733
5737
1344
7807
2138
4396
3939
208
4007
1614
4800
4717
4558
5963
6834
799
1002
8251
730
5541
8444
1659
8432
3832
2826
6992
6496
5330
9543
7259
5471
261
253
6275
310
9152
1648
8434
381
2371
4503
4522
7646
5875
7098
9717
7689
5060
1504
5393
5810
2980
9164
5699
273
5939
8965
4403
5074
608
4703
2691
5686
3211
5218
5256
5793
8621
9068
2408
2624
6774
5439
7170
4474
2855
9643
5530
2601
5957
4289
3230
5186
1877
4058
6932
6425
1613
5855
8467
2193
4339
8291
1278
3272
8855
3232
2308
1314
2515
9603
8808
9354
769
4417
6099
5866
9934
5587
9074
1385
1726
558
1390
3162
7955
7928
5261
1937
146
5477
4869
3489
1624
3214
485
6846
1836
8914
9057
6916
4985
7647
5705
8558
9061
6214
3703
2945
954
3759
909
1590
8309
4404
4343
9282
315
1040
1446
8748
6318
1886
4563
2723
531
4777
8230
1152
49
5581
2047
829
7876
8559
6372
2728
8085
6203
5131
6113
5027
7794
1413
5037
541
3051
5653
3610
1217
400
3617
3685
9203
2689
8752
2947
7117
4849
9258
6802
9618
1039
1239
7464
1635
8863
915
3187
3558
6470
6223
8721
2591
8205
7939
9441
850
4173
454
1882
2906
8698
492
788
1136
8913
8132
7144
1782
5761
4622
5491
2661
673
6177
7073
391
2767
4568
6660
6289
5702
1926
2688
712
9760
1355
9455
4367
2892
2056
6315
2854
5301
2838
8269
8549
2244
2155
5417
124
5284
7771
1407
762
9557
5373
2772
9884
3549
3040
5935
1928
9917
8408
7500
5089
3133
4340
5543
5125
5649
5800
1105
5444
4088
1469
6480
7377
2539
4329
8525
2758
6686
4626
5492
4554
6089
9864
8599
9524
8921
2453
4831
745
3902
5468
7766
8415
7716
9025
3086
8359
1233
5375
3659
7025
8293
7108
7828
7505
9795
2375
4259
5943
3975
7677
3147
296
6747
9805
8163
9072
5059
5365
5407
2315
67
5695
2321
9975
514
8716
7986
7061
898
9402
5155
8889
6007
760
8654
9044
222
5479
5114
8198
8947
336
4873
9922
2425
9448
6329
1234
6908
2123
4532
9078
5519
1266
4995
3861
4182
7669
4423
6308
3533
268
7469
6566
7855
9206
4792
8663
3014
1372
9865
1111
2491
9093
4511
4648
7862
8888
7546
3851
8225
9774
9336
9848
2179
324
6574
5364
1705
9695
3554
9349
3394
9985
924
6997
5361
7270
3602
1924
5559
817
7080
2736
9590
5694
4549
3041
2466
832
3365
2115
3323
5603
3561
8450
1070
737
1030
1414
899
2520
6850
9719
4614
8882
53
914
3658
4848
5096
7905
2104
9560
854
5068
1514
9574
259
1801
6090
4854
3553
8231
8179
4916
7937
8847
2283
7401
8029
1245
7853
7359
4418
8817
4211
9891
5536
6248
2536
9501
7263
6348
7374
8272
580
9067
121
3662
2042
7880
2334
9701
9743
4308
4385
5130
9109
7751
2842
28
5298
6051
7274
8487
9204
9659
2793
9445
8356
9324
3395
6036
3059
6045
9010
9333
7778
8561
1190
6560
4778
4481
4841
4050
5763
8868
8839
1925
1259
8493
7803
513
2582
2012
3984
3423
5897
3806
5416
731
1075
7471
418
7725
1183
235
8866
1561
6936
7909
2878
7661
1288
1967
451
4904
9136
5882
3705
5774
3178
373
2699
5744
5185
3438
1988
976
6197
1443
9497
9962
9519
5979
6240
3966
3818
7415
2171
1953
5378
5863
8788
3546
8992
7216
2521
6610
8449
4064
4037
8681
7224
609
4051
8850
5873
506
301
9964
5312
5749
6573
2021
7078
6389
4102
7273
6121
2459
8102
133
3963
7992
3836
7182
3390
9885
8376
2763
61
1300
1591
2349
3917
6337
2301
9273
9105
5591
6338
7409
3183
3767
363
4237
264
1654
4425
8635
4321
2781
8226
5880
210
5234
5764
8799
9390
9581
9155
4024
2271
8191
100
3102
7248
161
4215
5684
8228
8746
4556
6418
810
6392
600
2756
19
8419
1195
8964
7567
6918
2126
1961
9731
3667
5080
6699
8687
3317
5431
6519
7940
5307
6434
5227
6917
9657
8501
7708
1003
4059
4225
702
406
5772
4685
3485
2486
5288
9994
6831
2665
8248
9739
7055
7384
1719
3946
6078
5822
7943
9704
7596
3931
7993
332
6103
125
1850
9649
3185
9796
2164
3807
6803
2493
5601
1240
6897
5850
8022
8166
1762
1193
6309
4109
9310
2949
8174
5317
9608
7257
3764
3200
9243
3031
2999
2806
7916
8508
9705
7856
5647
2050
5204
8664
3945
2798
2497
2716
1905
3737
8177
5753
3776
7494
568
9870
9688
2344
5146
9668
6140
6743
9291
9850
5691
3846
9190
5554
7138
1966
3470
1021
1488
9382
5838
3063
8689
3664
6216
5449
284
467
1620
1161
151
542
187
5958
8627
2148
442
2061
7176
4894
7035
9974
7936
8634
9893
6464
2662
9427
329
2216
6486
7772
8566
8399
4757
9381
470
3281
9022
3820
2861
4189
368
1467
8474
6993
9809
1666
7842
1435
2505
8433
2638
4185
8236
5418
5267
9814
8570
3840
7137
5362
1181
9128
2112
3336
2316
8397
940
2318
7739
2721
7065
4371
522
1120
3369
6381
6976
9551
5571
2250
864
8192
5981
7705
8254
2089
8942
9562
1010
7292
1208
5916
3377
1650
814
6209
6977
7038
8475
7525
6500
1104
5864
5971
3882
7331
1367
5050
1295
4610
524
3730
9444
5494
9990
7535
3452
8289
6665
6996
1099
5115
8204
4552
9285
4887
1199
3402
5446
2677
6981
1913
6799
4621
4276
5940
526
984
2411
5991
3864
9181
7451
4929
8158
7819
5596
1294
6836
4537
6655
9385
9250
4819
6247
6550
3092
410
6871
4884
8869
9247
2484
4145
3004
5473
9736
4336
5667
8097
8155
5944
6080
2990
7179
9548
2950
4925
9125
8372
3572
9604
6298
3018
2597
1053
398
7895
9798
3197
8551
3308
7264
7632
8530
9599
6864
5078
9803
9019
4926
2224
3692
3875
2030
7412
2506
8785
8972
2397
7488
3688
5854
8631
2931
270
3100
6304
2111
7168
1778
9547
4295
8567
4066
216
3775
2032
3830
417
3264
4193
2942
7231
4668
8810
4132
6222
2632
4013
8421
6492
2400
1042
6241
5558
8582
147
6420
916
7271
3235
4411
9421
5858
617
4948
2765
9738
937
7155
4179
5708
9483
7275
963
4348
8844
1981
4319
7850
5321
2737
3129
9706
3379
5370
9755
7267
3283
2191
3673
6027
4891
3745
7827
1651
358
5039
8271
5464
328
246
1904
3407
6373
6004
7668
8648
3414
2309
9458
7680
4588
871
5646
6009
4431
8060
6082
6173
1296
1421
1312
7964
3871
203
3796
1235
8278
9118
5041
1725
3070
9397
12
4133
8146
9433
9984
5696
7089
879
1783
6863
9721
7776
2643
1487
9135
770
7017
5522
1305
9549
9943
9028
9680
415
7368
5335
8133
7663
6617
6710
2027
2547
7240
7221
2909
6201
3809
6510
97
7699
5797
1618
3636
3359
3804
6359
8883
1506
4065
9341
8235
911
9540
6740
4688
6367
4740
2529
7613
6882
680
4216
334
4735
6928
128
8591
4565
1092
3378
9331
740
6507
6633
3280
949
2417
2676
5618
8835
4528
1727
5790
6428
1411
2098
242
1819
1068
6701
3995
1652
4586
1987
8348
9420
729
2286
9414
9113
7752
7450
7100
1176
3054
6531
1276
157
9200
7569
6231
1441
9686
9781
9073
6361
4930
5038
8037
8111
1853
2581
1043
8349
8642
6991
575
3460
5315
4161
7195
6884
9570
6424
9339
3496
1899
8200
4476
4545
9205
188
4722
9516
3828
3772
1179
1774
3774
7289
1315
869
1299
5383
8249
2962
5806
1813
8539
9867
3686
7268
5553
8803
4356
3528
1293
1279
4696
3653
7493
5175
3912
9360
5001
4002
2606
4271
8615
7907
4281
8565
8771
5936
6995
7869
3270
47
9753
5313
4125
9211
5861
7742
2681
7780
6759
8368
9597
7920
205
7217
193
3932
4408
4769
21
5503
5180
9498
1675
2198
9902
5065
1983
1626
414
9545
4559
2932
486
2679
192
7701
5389
5664
5593
9345
8391
4227
8611
8392
1376
8350
7911
8276
4877
2479
5848
867
9935
7460
9510
4612
1250
8363
830
3108
8640
2051
5843
1452
7599
728
8481
2248
9013
3654
6733
7276
618
2924
9003
472
9723
7871
4810
775
214
4283
6842
3153
5474
2150
9897
3477
6196
3973
3448
9462
4991
5609
6469
3857
2660
2680
1764
7674
9642
1790
9480
7897
468
7448
6755
9262
8311
2774
1499
9771
7188
8214
6634
9715
6769
104
6893
8944
4419
6332
9095
2908
5978
9730
3179
1832
7558
3756
2620
2623
9681
5253
2028
6138
8653
2182
8616
1138
4716
5172
6278
6900
3901
4888
4855
9248
761
5406
1631
220
6517
3859
2354
6252
8168
8390
2865
2560
7653
5049
4208
7514
7177
8971
5141
746
5871
2472
821
5099
9456
6783
5804
749
7619
6343
4210
4667
8407
4651
1780
8731
4608
1974
583
8448
9875
500
6626
2970
378
2333
4464
5030
1096
7007
1060
4416
8650
8688
990
8380
3618
6251
1389
3550
9257
9005
9490
38
931
5862
9645
9274
5631
4996
6751
1781
3151
8244
5127
5920
321
9983
2067
5954
9652
9272
6720
9020
8702
3628
2289
945
6767
9619
9960
8509
5238
588
5254
4613
4772
6980
453
9981
7181
2907
3797
6292
1875
8456
1817
9913
9786
6006
6484
624
6387
2844
6569
7832
1745
6872
1723
5787
7282
7718
6616
5411
1834
456
8460
8106
5259
14
450
2149
6741
9522
662
8510
1192
1091
441
8048
8711
8313
7537
2039
8287
5692
3904
1424
3855
8632
4440
1477
3320
2663
5751
6238
4338
2778
106
6788
1694
2553
4570
9505
9973
5950
2142
9364
8542
6146
4139
602
4084
1763
1910
2438
490
5521
9667
8095
7093
7466
2452
8424
1527
3754
2483
1837
9952
5752
2704
4327
6635
68
4120
6537
7532
8706
4048
5085
6750
5211
5575
4535
3165
694
1797
1623
9489
8743
1721
9055
5157
1711
8636
1509
2412
46
7517
2291
6187
5455
3872
6167
8223
6354
6554
3894
5414
7711
4631
8656
3783
2276
7625
1699
194
5033
9521
1047
6363
7658
862
209
7229
2816
7056
885
9124
7987
2887
2720
7899
4429
6609
7822
8355
1444
5516
5
1876
4790
9413
9961
6205
4600
4009
2598
361
2952
8679
6697
8093
7304
3107
4946
7779
4288
139
5853
2422
9783
1058
6503
6782
5945
3567
5097
9576
9876
4791
8210
5047
1989
4234
3490
7066
9538
893
8967
8934
6773
629
1540
1117
6258
2390
1748
2833
4011
7021
3676
5244
5625
8994
1647
1869
9534
2583
4069
83
8870
2125
2251
7798
8059
5891
4091
2071
5626
62
3275
4875
5432
4292
7885
596
1845
625
6960
7854
8922
7026
9350
3515
8649
7111
3307
3098
521
4706
2863
6048
846
594
1374
9830
2136
412
1802
8560
307
385
4710
9515
9622
8165
8846
2465
6640
5200
6892
9034
6288
9509
718
3592
592
2173
3512
6104
2102
4298
7410
1732
37
4510
1759
2242
9744
2134
4935
5567
6334
4410
239
4681
6042
1277
942
8541
164
8522
8873
6522
8339
6482
4387
659
4917
4484
507
2731
2416
8260
9862
7981
833
7222
2355
7096
3405
4010
6684
7087
7425
4827
1756
1747
576
8470
9278
36
7722
3454
1167
4430
1115
8881
892
180
4980
5537
4456
285
7004
9979
781
2847
5032
