368
3317
2257
4133
575
3690
175
4779
363
422
1434
4275
3237
1760
587
1659
3963
3227
4412
4220
441
4914
1969
4527
1252
1030
1700
1978
2899
4854
3212
4274
4335
2523
1988
3341
84
1175
1917
3068
3300
131
421
2673
3986
793
3592
1082
833
1709
231
3563
780
3318
4953
4339
1438
4979
3885
394
893
2654
2762
3552
1174
2768
2425
2066
4389
4428
2645
2520
548
1200
1698
509
3978
1455
3285
4302
2564
4106
670
4631
3480
4384
2982
3166
2442
2871
2157
2293
4209
1764
1692
1389
4534
2992
3814
779
87
2573
1065
4336
2856
3092
18
2494
4454
4516
48
2970
2922
3200
627
253
1294
2256
4504
4221
320
193
2044
3374
1639
3022
3423
1568
4110
4768
203
1742
3471
1478
972
3901
2198
2613
3418
2127
4017
2153
1530
3623
791
2374
355
1360
4916
1074
36
3242
4820
1125
3727
639
3086
3665
1792
1322
1831
3080
2202
1892
947
3724
4760
1884
2571
886
3657
563
1615
3296
2390
3495
1488
2619
3183
1416
236
4370
325
4536
652
515
3198
1162
1603
1498
4037
605
4464
3449
379
536
10
1907
1075
3791
1620
2667
4152
260
1119
2436
3223
2325
2323
4349
149
3122
2735
282
1482
2238
3040
2966
3356
885
4457
33
4316
2102
1323
1935
1584
3349
3231
3648
3508
2908
1106
3001
1122
1307
728
3441
3709
1036
4878
1400
1310
3802
1296
3484
2894
484
88
2413
749
4328
1324
2984
2069
442
4391
2013
4218
1716
2398
1083
4545
1337
3134
3894
585
4201
4573
3949
2504
27
278
199
705
4827
2408
3324
3359
898
12
1671
3490
1631
2160
3782
2730
3712
4922
3091
4248
3513
524
4348
4676
2946
995
568
3545
2681
906
1975
3723
1814
89
3990
1451
2519
4834
1161
1612
270
2698
4625
4471
1256
3589
3059
578
1785
1235
1155
114
4289
4575
208
3887
3790
4189
2353
3678
1535
2241
594
4010
1885
4665
1133
2932
3051
827
1506
2165
1715
1040
4678
1411
4749
3973
230
259
2002
4276
653
4901
2650
1840
596
936
205
615
3083
2303
2792
3739
1190
3406
206
2309
1129
928
2563
4200
3824
3577
4091
3172
4435
3853
2712
633
4119
1883
2939
4754
2512
3078
1807
2417
840
1026
734
2937
1454
1933
1234
3185
4823
680
2411
589
6
3263
1326
3288
1062
1321
2559
520
3939
4396
443
2778
2612
1894
4038
456
4432
446
1450
1769
3568
3065
1932
4656
384
3514
2074
289
3099
4763
3674
1113
3320
1875
772
1962
590
4493
2785
1470
2386
996
526
444
924
4501
1318
4226
4054
2496
426
4949
4224
1042
3839
3262
2642
3704
1089
3537
3979
2588
401
1077
1233
3535
1382
371
997
3048
143
4207
666
4533
2914
3370
4881
871
2967
940
1134
4312
3135
4747
3677
4607
1380
1841
2743
1744
3740
1131
2472
169
3238
2872
1871
4168
3
304
2308
2401
1839
3547
959
83
177
3456
1532
975
4969
3983
4165
3391
1099
225
4509
301
2189
4954
3109
3167
1341
2621
1745
2438
188
1352
1579
458
2948
549
3325
3902
4837
753
3304
3160
123
1431
4692
561
1670
2713
4491
883
1435
1384
4752
1367
2557
1167
2738
2728
950
1111
539
3922
200
96
4451
2435
2197
2366
4056
3112
4158
4047
4506
2040
2996
4018
1007
3531
2640
3733
3056
1665
4162
2072
109
4028
1483
2715
4492
3713
4074
4301
136
3601
1197
156
523
2964
4014
1452
2593
632
1066
2765
3426
3111
28
3500
3258
3076
3323
503
1041
4641
4873
4347
3891
4164
343
4482
758
78
1525
930
3350
373
2927
53
1239
2515
4816
2501
685
1362
3367
3899
4975
3328
4481
2314
4285
2389
1316
3171
1461
3632
1788
115
3883
3955
4266
4964
4813
617
2634
1753
1304
252
1164
2594
4070
514
3023
1833
1556
3127
223
3617
4409
3105
4441
1063
1895
2222
4620
4048
2171
68
3840
3692
1955
2311
194
1475
1608
3834
4634
439
1721
2831
619
2820
1084
2273
1373
4479
4596
91
1153
4951
1921
3925
3062
1599
70
1189
2326
3335
945
29
4342
3735
545
577
2400
1563
4716
4190
2510
1464
1876
852
3278
4591
1717
4846
4681
2769
135
1850
3082
4880
4060
272
1686
1047
4040
2514
1286
393
4192
4709
1755
1507
2149
1379
4064
3000
1010
1683
4296
1429
1500
3877
999
960
2643
3776
2482
3697
1300
831
239
3403
640
2480
3132
1889
2060
2815
2788
1202
808
2968
2186
3057
80
85
803
3261
2125
3264
1998
4027
274
3748
297
712
730
3177
333
2763
3488
2761
4407
859
2290
488
1915
383
3014
3463
4661
4702
1044
3774
4327
2904
1463
409
15
217
4818
4514
994
1614
909
1266
3650
1218
4767
4657
314
478
4653
4295
3002
3505
3756
4723
1808
4107
233
1297
4497
366
4003
3636
3667
4344
262
1954
1121
2993
2422
2441
1650
2877
4453
1634
4542
1466
4087
4078
2191
3458
3906
4888
3235
3945
4290
2336
40
4397
4499
1259
4644
2439
2721
2355
3351
1366
3447
4001
1765
1306
507
4669
4946
1697
4239
895
1586
144
4773
535
291
116
3931
4864
93
3892
776
3378
2168
3293
721
2991
3290
1804
2509
2706
1636
1281
1457
4278
2178
2716
1539
1142
964
1991
3375
3120
3041
4526
1829
4338
2090
215
607
3855
2533
4510
1140
19
911
744
937
4579
4958
2556
3404
3583
4940
4413
1132
1031
3775
1283
3668
4581
2236
4361
3718
4502
3764
3745
4143
464
3781
3075
3701
3929
3572
465
1739
623
4046
1371
3649
1523
4439
104
3064
3249
437
1212
4721
1260
574
3279
4126
3846
2909
1667
2731
3283
2701
1851
746
866
2700
1848
4707
3116
1704
1217
483
1541
1677
3681
954
1642
2028
1139
1929
618
862
2104
4806
1437
1786
2837
3637
1678
3327
1815
606
2327
926
2956
2804
518
2801
2561
3759
1589
499
147
1699
3366
339
4877
261
1989
3363
127
3213
2697
4599
2855
4908
2567
4910
1545
1561
1645
3498
4614
3245
380
4850
1578
2915
2251
377
2890
3521
3645
2237
2484
1754
814
802
2965
3486
4601
3013
4659
4063
1474
2037
4886
2357
424
244
4305
748
248
2734
2516
544
842
4447
4099
771
1794
1169
591
189
2051
1459
14
1708
2986
2038
1941
3597
2737
3958
1796
2829
3822
3276
4780
2895
3254
1350
155
804
534
3504
1855
1675
1243
3615
378
1888
3125
246
756
4745
1160
4796
1489
3501
2169
1611
2886
2116
1095
2004
3614
4968
3766
1990
3519
476
1872
3088
2248
2554
2462
1242
344
4443
1361
2053
1593
2953
547
4113
2694
3851
1049
1076
3101
3659
733
3371
1836
1441
3352
124
2059
4924
1963
3940
2675
700
1873
2542
4282
4699
763
949
1284
95
4118
3180
2172
3060
1559
2764
2095
1491
3576
466
724
848
738
667
1724
865
631
3590
1703
2032
227
4586
1314
2207
1553
519
504
942
1696
1051
3030
4204
3503
2913
2250
4680
3546
402
863
334
1417
4101
2306
1480
4695
1669
4398
4915
1627
2415
2545
328
3817
3074
838
828
3385
2818
3719
2891
1375
2458
1511
1114
4050
1216
1565
698
2298
2137
877
1896
2864
4128
4337
4236
1096
2553
4354
2641
3749
819
1702
1228
4982
4986
1621
4703
382
3573
2098
2926
1165
1570
3538
2983
3625
3049
1512
4658
4551
4267
3383
3168
3298
4019
3620
4480
2420
1776
3137
1421
770
349
732
4921
3442
2429
2304
4844
2692
4898
2852
2444
2745
122
4963
2490
3492
3307
4297
2280
2019
2874
4229
128
99
543
3578
1432
2990
1919
3468
4859
1157
3915
2092
754
4484
4994
3607
2416
3161
4104
2584
2162
337
4279
299
4748
2578
1619
4990
1064
2508
2902
3742
140
407
970
2440
3586
2881
2229
3787
2781
4929
4852
778
1783
4675
2979
1118
2096
4697
1397
2403
4269
2945
1178
774
3542
4788
2359
3196
4331
1738
2488
1278
4408
3184
3845
1347
2746
3506
718
2399
570
3771
3580
1600
1720
3888
3769
3079
2210
3996
1490
1497
1056
2749
2710
2430
2639
4030
2412
4294
4952
3282
165
3029
4332
1277
2418
4223
3326
675
1285
300
2590
1555
2147
4503
2819
4291
3421
4197
672
1293
1916
1623
3429
3251
181
951
4013
4217
946
4725
694
1899
2680
2348
1629
4183
4828
4839
4255
4811
4936
663
3240
979
4971
4812
3446
3635
61
283
521
4470
800
1291
1110
2075
3736
3788
2446
3660
2604
807
1214
1588
656
2526
4608
82
989
4258
2255
1159
2725
2717
4425
4386
621
2223
2335
2598
3761
2655
256
4380
2307
4810
684
1690
2450
3988
611
3536
2224
875
322
4358
1824
2321
2796
3095
2506
1510
3994
1381
3346
2536
130
3911
1436
3835
1548
1238
533
2733
3193
2347
2020
2079
2369
965
4369
2300
2752
2295
3992
372
1624
148
861
2651
1741
1319
1309
2350
2685
3246
2064
1085
910
1251
3616
2112
2030
1365
2185
2726
612
2750
4582
709
628
3483
2043
1653
23
4311
769
24
2629
1343
850
3926
1504
4249
497
4288
1948
4000
682
4913
3100
3035
3204
2199
2346
1395
4424
3689
736
3018
1694
555
2167
1376
1828
916
665
1481
4382
3985
4802
4410
4892
3104
693
1245
2131
2083
2830
3584
411
3408
3569
3827
4572
1179
2015
4156
1590
3897
1268
1787
3124
180
657
1035
1369
1538
4525
2467
4262
2869
3638
3454
1877
2364
1751
2414
679
1920
2245
39
3361
2319
3467
4049
1868
1032
1952
816
1857
1128
4613
702
1827
3579
1123
1853
4640
4576
3123
3248
179
4198
4108
451
1580
1414
3816
900
3509
3540
4366
3396
1312
2428
2424
2140
3639
2081
759
162
3930
4617
2822
4869
4566
433
2736
4376
3564
2122
2570
801
3714
3715
3520
3218
4411
901
3923
3679
153
4540
2057
4758
2688
4711
1891
1025
310
4357
775
839
1536
237
1719
706
4618
3459
1150
1145
3155
1881
4705
3126
1576
4109
1542
2453
1008
1774
2382
2866
3717
2076
874
4902
2614
2025
4193
324
1290
4390
2597
298
3732
554
4893
3655
364
3176
4937
3182
4588
1605
3209
4243
4355
1825
2888
2666
943
1858
4215
2358
1528
4795
1773
2204
3959
463
1680
1946
588
3913
2936
4744
129
4079
4299
2184
3142
2082
4564
879
4036
1515
1942
1135
4076
417
331
2784
4489
1771
2812
303
4465
3310
4045
3741
350
3286
560
146
249
3984
1495
1582
755
1880
2493
4654
4589
671
2275
2175
752
1378
4538
729
3239
3301
2770
2622
3710
3415
2118
3541
4868
280
3230
1130
3593
4604
1777
1262
2652
1043
4961
3181
2889
3907
1856
4939
3777
2747
1404
198
3905
3159
1472
4605
232
2121
4740
1558
3360
3895
1413
1972
1090
342
3671
2500
1048
1486
2841
3097
2433
1583
4145
2900
4378
1054
616
3037
2158
2603
4468
4452
2375
3512
4067
2486
2394
17
4667
3865
2272
1039
572
2518
2502
2056
4166
1966
2941
139
3272
4214
4496
4650
4670
669
688
3750
4611
3884
2363
4897
4973
2631
3226
760
973
2017
3297
2230
4872
3113
4292
4984
220
4512
3977
3362
4233
1632
799
1460
1156
1116
4088
2658
4619
408
3654
4323
4664
3392
699
4577
2409
2405
4142
3524
1108
3765
740
374
2497
4856
3121
1271
601
1527
4277
4523
1317
2535
141
4590
4894
3529
210
438
2574
1870
4090
4097
1087
2521
3494
4776
4403
2821
3871
1358
4176
2626
2833
171
1648
4359
1336
2024
186
3989
2638
868
4663
1566
2582
1484
4360
1207
2800
641
3695
4208
2530
2572
4925
2378
4231
3682
2431
3202
4660
2058
2672
4400
113
1092
1842
2259
3489
4996
812
4026
2080
34
4427
5000
4651
1088
3920
873
3452
1253
400
1782
1685
2289
2958
4759
938
2465
4553
2668
2495
2623
2033
4956
110
4736
4469
218
599
4855
3348
3794
352
2928
420
3128
4544
2320
4772
4051
3162
4840
3066
1246
2190
460
1546
16
4416
4791
1922
2718
4815
1120
4304
97
395
762
935
3870
592
69
2637
2006
1405
1020
609
3332
2704
2892
788
4112
1185
3912
4833
4600
2115
2587
1117
4195
2042
4830
1791
60
2517
4250
3265
2232
2879
2671
1743
4926
47
3951
2581
597
3783
4329
3058
3987
1060
3669
1249
3976
2867
3427
1823
3402
1604
2981
1058
3046
1230
4957
3131
1817
2055
432
4186
3896
2209
4477
1013
4635
2283
2905
4793
3868
403
2380
4035
4150
4153
1931
1646
1320
4843
1802
2370
389
3558
4528
3267
2957
1408
1820
2011
3273
4395
992
3305
849
777
2067
2242
3117
2163
714
3179
159
4770
1908
2498
4530
1166
2987
150
2101
163
1633
620
1937
4077
1144
4111
2340
4020
2705
1503
3038
956
3609
689
725
1295
4377
4991
1330
4494
1186
4909
2077
2644
1961
2663
1996
2143
4713
3225
50
1289
1448
2331
2887
13
4966
2868
884
567
2782
3758
1936
4122
3953
4970
2560
4976
480
3917
957
2911
3808
4264
2003
2531
2085
2332
4149
459
1567
4170
4712
8
647
312
2470
3443
696
3663
1270
1406
1305
1732
3517
3042
3241
191
365
1420
3376
1585
470
1263
3555
197
1674
54
375
2373
2228
49
4876
2846
1206
3199
4757
3417
4870
1803
2483
3453
888
3646
4679
4755
4365
4927
4273
4735
4228
164
1255
1995
1811
4237
4057
1098
855
1203
3605
1287
2107
2906
1215
4247
4602
3476
1394
3407
2565
2977
38
1353
4206
1927
2882
1999
1412
2351
851
2779
356
2487
2732
1756
332
3428
4685
276
582
4009
120
2632
1462
4306
3842
908
4188
3259
119
3364
4643
1311
4724
4935
4944
4298
321
2774
4775
1689
4674
3708
3932
4127
4031
2528
3828
2216
413
600
3143
4801
505
330
3377
4012
4055
3619
3148
3275
1626
1655
2547
4445
1790
354
1879
4615
2181
1055
1552
2773
4690
3819
562
1149
3908
784
2279
251
2142
3032
3662
427
1325
1220
11
4621
4845
3190
1607
1502
3600
3419
2045
551
4160
3164
4362
211
573
3762
4756
3731
4930
1427
4890
3874
3879
1914
1587
2620
1391
1191
1953
3411
4476
1854
4583
4002
1843
4580
4007
1232
1847
2636
2985
1592
4341
3673
2974
1187
1986
1485
4803
1912
4867
3141
216
636
3043
2391
1006
3444
4593
3634
2485
1359
4673
3703
4216
1
1181
3260
1093
2471
3526
3968
1610
4191
340
4082
651
4819
1015
2046
529
4462
4023
2596
1838
1372
4096
3858
2022
1370
3608
2901
4559
176
9
4875
4219
369
1196
3525
3567
4655
566
45
4486
4746
4738
3975
659
2741
4766
2751
3138
2648
3751
3244
3472
3685
1816
3203
3837
2177
880
222
3534
3474
1654
1456
3390
3372
3747
843
939
1392
2951
4310
79
2959
4693
4083
933
3969
3338
1726
1509
3565
1944
2437
1799
2810
3734
2061
3047
3201
538
2182
385
1647
1002
4518
4073
3464
3373
2511
1725
4911
2297
2786
145
2682
2583
3631
2534
4895
4495
593
2269
4918
3333
3445
4154
4632
958
844
3980
489
1657
3826
2342
664
1210
4483
1768
4322
3414
2008
2656
1137
2234
2960
3515
1458
3487
790
998
4429
3705
2123
2448
158
2551
1898
4797
3610
981
2383
4912
1562
1869
419
295
1332
3103
1625
4325
4508
1342
2522
453
3863
3927
953
1602
932
4418
3425
2676
3431
923
1011
583
1423
1534
4320
1439
2931
530
741
841
1061
1660
1219
531
3606
2443
2943
1748
4075
2720
3369
2740
1258
3210
1772
2278
5
1867
201
2616
962
2544
4786
1519
1662
3422
2014
3146
1977
4753
3229
4456
629
4346
3876
830
1354
4903
1339
2188
3195
254
2633
4124
4585
212
4287
4904
1813
4006
1737
1591
3339
1723
3957
993
308
1594
3033
2457
1377
2541
3867
2195
190
3972
1974
1288
3889
2696
1247
151
4814
2183
1859
2328
2850
3919
1037
2281
4691
3773
921
969
722
2477
3752
4210
3757
3188
3313
1387
811
2896
4541
3274
3570
3778
739
3829
2586
2226
2049
2338
3696
2136
3208
410
4114
4546
2461
2499
196
4548
3220
3451
3336
107
717
4931
3642
1656
1136
783
277
1845
3236
3767
4058
604
2317
86
4687
77
2853
1081
3081
4394
1333
3873
2568
1004
3779
690
3998
786
1905
1112
1863
2
2923
2719
3528
3114
508
2839
4213
3089
4081
4317
4741
4202
3191
3700
1204
4682
1939
2368
1789
157
4677
1928
1194
781
556
2114
1601
832
1965
2997
3859
2814
1652
1393
207
3886
3809
3353
4781
2387
934
522
4666
3797
3962
4330
4800
2240
4363
204
4272
1195
4015
2579
4561
1180
3054
415
4364
3473
2898
100
4734
4139
3311
3806
3857
3129
167
894
3106
2885
2406
2404
390
269
2711
1852
174
847
1722
3052
2537
4123
2261
3289
2106
388
815
3516
3118
4371
4932
2757
1018
3004
4381
3921
3266
1904
4863
452
2838
98
4978
4005
4203
2799
3102
513
2994
2246
2918
913
1874
1272
4948
228
3947
4977
4543
142
1046
823
757
915
1303
2844
1798
976
1531
3611
3596
3061
1396
3277
2099
2263
2088
2806
4765
1401
3197
4401
3630
4701
1147
3641
2062
2274
4900
3624
4052
3354
2434
4668
1613
3707
2589
1862
3836
2285
2267
2264
537
4610
3401
3730
1338
2173
3139
154
2834
2836
4460
4906
4374
1766
731
987
695
445
391
1241
2244
3479
2091
4072
1273
1001
3559
3110
1029
4609
318
1172
3478
1276
1094
4520
4419
1508
2361
3918
4521
2775
4473
1334
1009
90
892
1957
2233
622
2742
3397
294
1418
3982
796
1468
4549
3647
3380
56
2628
4764
2456
517
1351
4865
824
2360
1616
3961
4141
1231
1628
3721
3340
57
658
727
869
4851
3044
4584
511
4
1943
4025
2144
1651
4731
4280
1925
219
3604
854
1199
1250
4794
2678
2260
3658
1886
3661
1308
3170
1524
4343
3006
2379
4860
406
565
3706
2384
4181
3157
2036
1775
2330
3937
4315
506
1658
1727
195
4762
3094
3798
1236
1711
4626
602
1598
2808
4095
1171
473
1385
281
3651
3965
2558
1822
3151
4148
726
3482
1757
357
4268
4637
412
3768
416
4799
3063
103
4522
3934
904
3803
1221
1574
2109
660
4053
1945
3477
2955
750
2016
326
4829
881
858
1573
1057
1141
650
309
1302
1832
1514
4029
2662
3465
2954
3294
3813
4319
243
311
275
3900
4688
516
3147
1846
3848
3587
2944
1865
3844
4172
867
2529
986
247
4387
978
1518
182
242
1103
2294
3206
541
2154
2027
1643
4842
4426
1399
2070
2218
595
4700
805
1383
235
2538
4587
2249
2950
2649
2729
1473
4560
4769
435
4594
645
1730
3862
4980
2798
3491
1819
3893
1105
4011
3271
4314
4774
2602
3964
917
3812
4373
1970
166
2396
4686
4385
2009
4633
2807
469
2084
1154
1499
3729
1005
4841
2912
2550
183
4024
255
3850
2367
4260
1758
4568
1834
2329
3108
1830
3754
250
1864
1100
264
3574
3928
4671
3950
1021
1403
2513
468
4043
4235
919
32
661
2805
3021
3910
4642
614
2824
351
4965
2873
241
4130
496
768
1740
3247
81
3345
2840
3881
2793
2039
1494
2599
1906
257
3971
1913
1695
362
3702
1617
3470
3039
4519
2893
4120
4720
4423
3820
2208
1560
2949
1222
4450
2388
3331
3675
1985
1364
4308
715
4281
2392
2103
4402
3869
1543
4556
1227
279
1997
4230
111
2714
4999
2481
668
3440
4205
1146
787
716
2709
3382
2423
2546
138
1878
896
285
479
3818
1516
3686
1264
4485
3763
3878
3785
4254
454
2961
1424
475
1356
4340
296
4131
4683
487
4303
4175
797
2034
1981
2371
273
4805
3680
4790
240
3581
4421
3398
634
1386
2686
4008
3292
2087
742
2243
4862
825
3096
3652
4889
624
4004
2591
1637
2239
2068
3133
1449
1188
3291
4515
3997
2334
187
2760
3640
2134
72
988
485
3174
3728
3898
856
3027
1182
3588
525
4627
3481
1630
65
4458
3462
25
1780
429
2492
2146
1797
3093
1835
798
3861
3725
51
1554
1493
3069
2356
952
4137
920
2459
4578
4719
501
3178
3460
576
3664
3629
3409
4253
4437
1016
4606
4896
450
1635
2753
2252
2803
3337
4159
3591
1971
1821
4972
209
4071
1282
118
2870
4612
3389
4263
1761
3214
4392
1407
3956
4639
2097
4256
3393
4798
2193
3090
4086
1335
3312
2669
1983
876
2063
905
4623
2577
2952
1923
3571
455
2971
918
1193
4647
4021
1810
3933
2972
2302
4905
1924
106
708
980
2789
907
1124
845
22
3698
4383
1168
2802
4636
41
2225
2201
4283
4638
2687
3410
2916
1152
4552
2421
3924
4974
2664
4033
4084
2048
192
2832
2362
3394
3830
3694
347
3140
922
2532
2372
2647
676
1638
2817
3186
2505
1163
4945
4710
3510
4132
3438
3755
4574
2352
2324
4092
4985
73
2693
4955
1595
2848
2917
2402
1564
1091
3676
3909
944
3789
2111
1505
168
1444
1964
2876
338
2859
1433
4356
3522
1687
1947
3793
4807
3025
4500
4146
2180
4771
1682
329
399
3455
2291
345
4199
4717
2776
173
3943
897
1734
3399
3461
184
1779
4129
2349
4557
3833
635
4417
2120
3412
3302
4313
2659
2755
2170
3954
3232
2282
1148
785
1422
2543
2548
3016
1994
4351
490
238
4832
1759
2756
2254
3832
2148
4848
3942
4252
4598
3643
4404
3744
4730
1209
3852
3849
3187
292
821
1398
3343
4722
817
2344
4174
3145
2661
2271
2310
2489
3553
3413
1606
4240
3981
967
3165
1275
1513
1577
2754
3946
822
3502
1430
1487
396
1368
2930
4537
1860
4066
3622
3549
1752
4180
2426
4532
245
3875
491
4993
4662
674
857
792
213
1014
743
678
3439
3405
2748
1622
76
1550
21
75
991
1707
557
2933
2100
4962
2980
4597
3322
2012
902
117
613
569
512
3221
3801
4737
3071
683
2052
4032
4938
1345
4648
3753
2635
381
3330
3772
1596
1501
4324
1109
558
4406
1292
2660
4134
2385
4284
42
2595
860
7
711
3815
691
1496
3499
2126
3007
2759
1299
2026
2105
2460
3224
1693
3314
132
2507
67
2393
327
872
2192
2690
1731
4715
2110
686
4136
2600
3243
4177
977
4836
1446
3527
1327
4858
4857
4917
4474
2727
2395
3935
4488
655
2875
1138
3804
2270
2947
2683
1712
4352
3688
3716
108
4998
1467
4375
3562
2854
4422
3948
2215
532
4706
2758
527
1762
2880
3255
4603
2287
2005
3384
3215
626
2007
1540
1640
4743
423
3252
3995
3028
1993
2976
2860
941
3511
584
1770
3738
2018
3194
1861
3008
2313
4547
4161
1022
1522
4372
1801
1183
3854
2503
3914
2133
2549
4714
1151
305
2205
4182
2910
2627
1956
4042
4103
2783
1705
3321
4507
1269
4121
4293
751
3228
3015
3882
747
3653
3936
2653
4831
3737
2449
2397
2312
4571
172
2156
2772
3466
449
2646
2903
1729
2540
4539
2129
2723
4718
789
3358
4879
735
3098
528
4184
820
2093
3334
1701
1069
2247
3175
4981
4080
293
681
835
3539
4467
474
4211
229
1126
3810
4550
3379
2674
4729
4438
2479
546
2023
3532
3424
773
3430
4967
4194
553
234
2266
4415
2221
4899
4778
4475
2606
2847
3799
1465
2797
1445
931
3533
3786
2766
160
3034
1664
2141
3287
4244
440
2469
4138
271
265
3551
46
2343
4068
2921
1023
3548
2376
3017
3400
2566
2138
3811
1068
625
3070
4555
1984
418
2464
1575
2113
1328
1900
2862
3036
701
1714
4672
4529
3475
2176
313
3530
1374
2463
2610
4065
1982
3556
4783
3594
2073
2473
586
1280
4871
767
2552
1750
1980
1976
4942
3544
4151
2617
1348
1763
3626
4629
2333
644
3628
30
4069
3149
472
2771
4246
4093
306
4022
914
3234
221
3357
1547
3303
3952
1173
3543
3024
2791
745
552
4950
813
1806
4997
3557
1609
353
1027
4511
887
2432
404
4570
3280
4345
1795
3746
4989
4728
4212
3009
2187
2826
1544
2151
1244
2576
1911
1357
1078
3207
2609
1170
3233
4761
3903
1073
2539
2047
4431
1315
1265
2739
2065
58
258
4562
1254
4887
4649
2689
2315
878
1344
4630
436
2969
2316
794
3347
457
1143
1033
1440
3550
3011
925
4307
367
2211
3368
2276
348
2722
1749
3450
1837
62
2630
4943
1893
3344
3306
1248
1425
3257
2161
4919
4853
1661
2665
3211
1224
2339
571
1331
2787
2575
4784
1184
2907
4592
3386
3644
3941
1102
3967
3284
1363
985
3603
2585
4789
2478
3938
2035
4826
63
2164
4531
1718
1072
3866
4251
1672
2707
1890
405
4861
462
1476
3683
3666
2835
648
4558
1951
2555
3864
4016
3316
1767
1237
890
3053
3119
974
2132
1471
4179
581
4782
837
3433
2124
2592
4505
1240
2277
4440
2119
3784
764
4459
2377
3416
3621
4777
3993
2865
3115
3711
1959
152
3807
1045
3823
961
3960
2684
4098
4983
720
1537
2827
2883
2670
2041
4646
448
4624
564
1529
1127
4960
723
4169
3872
2942
315
1736
492
1673
2525
286
3856
1313
336
4333
1517
4178
4321
2851
3691
317
1735
2305
3825
929
4992
1225
3469
1346
2925
4259
1713
2203
836
4393
2679
1428
963
3319
559
1329
2924
268
4117
3435
1410
1097
2010
4061
2174
1618
2527
1177
1887
1684
968
4628
1059
4821
692
1930
2920
853
2410
2135
2159
1028
2031
4866
477
4513
428
4034
4750
2828
4554
267
782
133
482
358
3693
3026
3582
2258
3743
4847
707
3999
3831
2702
3388
4405
3050
3055
2268
2607
4234
966
288
4446
2601
4487
1679
1024
137
2919
1597
3395
3560
4751
1926
608
4444
765
1107
3627
4822
550
4420
1973
1301
2845
3222
4498
1901
1208
105
4163
4696
971
434
4616
4245
2999
1960
2934
4125
2299
3308
826
1897
3387
1079
4105
3087
66
2863
1526
2780
3780
2708
3309
2580
4388
3067
4535
3163
4334
2265
649
3436
1213
1992
266
3437
494
3991
579
1115
2407
2998
1257
3821
4140
1034
2345
1691
341
3189
2286
481
55
603
1571
370
170
493
3523
3585
2451
290
2657
1101
398
1849
2767
2452
1649
2857
2213
646
846
2825
1192
2790
3329
2691
4350
3217
719
4478
4238
1038
92
2608
2284
2569
1349
4222
4271
4987
2474
4102
1688
2301
431
637
4920
3107
3010
2975
1019
1569
2447
1676
2050
1390
4959
3618
4569
3699
126
2813
2196
1520
4708
2094
3315
4455
3457
1477
2365
2995
4988
654
2476
2152
3005
1050
2605
737
1902
2884
1070
1388
2794
3268
3485
4062
2842
2677
3012
2963
4044
3084
3281
121
697
540
1426
4838
430
2145
510
1053
4261
2468
1818
3890
3566
376
387
1666
1261
4241
31
74
1267
4995
1784
1644
3838
3077
2155
2318
3269
4242
1003
52
3916
1279
2843
2795
319
4187
1987
1809
2235
1844
2699
3169
2618
1533
4367
3019
3880
471
1443
687
4353
226
3085
1223
630
495
3365
4434
2811
3270
1205
2491
3633
2381
498
2029
1747
955
2128
1419
704
4442
1778
360
3144
4726
4891
112
3598
1479
4824
4173
3554
4144
361
2086
2562
4934
3970
2194
2973
2744
2445
3726
467
598
2419
3073
1402
4933
1080
3253
4472
3720
4923
486
4804
4874
3684
37
1000
642
2724
1793
3003
4787
4436
1104
1826
2117
927
1938
3843
2935
4089
3760
2878
3156
3841
178
302
335
3158
2200
2929
3966
1176
4907
3496
3192
3150
2777
1903
2150
214
4399
3613
4645
59
4196
1706
125
4157
4155
610
1071
4694
3219
3602
2071
1492
2288
1355
4785
2940
643
1201
2703
4270
795
4225
101
3130
4115
806
2615
2108
891
392
713
3944
4094
3575
2849
4265
1909
2220
2897
4684
4227
4595
2989
284
2089
2206
3381
2455
4882
425
4732
3792
3031
4885
662
1979
1805
1967
710
2475
1572
287
4704
1340
2021
1781
359
3518
3355
2231
4517
3295
4739
4433
3432
3722
4817
2179
3974
161
3800
3497
834
461
864
1866
889
2292
1158
984
43
1469
397
882
3154
4326
4232
4430
4490
2322
2000
102
3656
1882
3599
2809
2214
500
2938
4135
4884
263
2454
3152
761
1442
3904
1415
202
4808
3448
810
134
3687
4524
4309
1012
3045
2262
64
1728
1733
3020
3153
1557
35
542
4147
2078
4941
4448
2054
1052
4167
3434
703
1226
982
3770
870
990
44
1968
4414
3205
3420
818
3299
4449
983
4727
3860
3795
4185
3256
3796
1668
4463
2611
2625
1934
2001
809
2988
3847
2466
1950
4652
3561
3072
2296
316
4742
1409
1918
4825
4041
1641
677
1812
4947
4461
4059
1298
4883
4300
3672
1800
3216
346
638
1274
673
1581
899
1453
414
2695
1910
4567
224
3173
2337
2166
4928
1447
4622
2219
4792
2861
502
4689
1549
3805
1958
185
71
1521
4116
912
3670
4849
2354
2427
829
2253
2858
4368
2341
2978
4563
1067
4835
3250
1229
1211
4100
386
4733
4565
2227
2624
2962
2217
2816
20
3493
4286
580
766
1086
307
1198
3595
948
447
1746
2212
2139
3507
4698
4085
3136
4039
4809
4466
1551
903
1940
1017
1681
2524
4257
4379
1663
1949
3342
1710
3612
94
2823
2130
4318
4171
26
323
